Date	Open	High	Low	Close 	Adj Close 	Volume
Jan 29, 2025	27.80	27.89	27.34	27.63	27.63	2,500,485
Jan 28, 2025	27.56	28.07	27.49	27.80	27.80	3,080,500
Jan 27, 2025	27.32	27.66	27.23	27.49	27.49	2,326,400
Jan 24, 2025	27.43	27.74	27.30	27.44	27.44	1,936,500
Jan 23, 2025	27.34	27.66	27.30	27.49	27.49	2,791,400
Jan 22, 2025	27.23	27.52	26.96	27.48	27.48	3,669,100
Jan 21, 2025	27.55	27.75	27.29	27.32	27.32	2,499,400
Jan 17, 2025	27.68	27.71	27.41	27.52	27.52	3,125,100
Jan 16, 2025	27.69	27.69	27.24	27.32	27.32	2,003,000
Jan 15, 2025	27.54	27.68	27.20	27.57	27.57	3,028,800
Jan 14, 2025	27.03	27.18	26.93	27.14	27.14	3,341,100
Jan 13, 2025	26.77	26.91	26.55	26.85	26.85	2,313,200
Jan 10, 2025	26.83	27.04	26.68	26.90	26.90	3,139,000
Jan 8, 2025	26.96	27.13	26.67	27.11	27.11	3,369,300
Jan 7, 2025	27.40	27.51	26.86	26.98	26.98	2,548,800
Jan 6, 2025	27.49	27.96	27.40	27.43	27.43	2,985,500
Jan 3, 2025	27.65	27.65	27.17	27.50	27.50	2,441,200
Jan 2, 2025	27.70	27.78	27.36	27.48	27.48	2,089,100
Dec 31, 2024	27.46	27.56	27.26	27.38	27.38	1,810,200
Dec 30, 2024	27.46	27.53	27.04	27.38	27.38	1,851,000
Dec 27, 2024	27.65	27.88	27.41	27.65	27.65	1,965,100
Dec 26, 2024	27.71	27.92	27.68	27.86	27.86	1,425,100
Dec 24, 2024	27.77	27.89	27.69	27.85	27.85	1,372,400
Dec 23, 2024	27.81	27.93	27.58	27.69	27.69	3,015,300
Dec 20, 2024	27.40	28.14	27.27	27.83	27.83	13,749,900
Dec 19, 2024	27.90	28.06	27.42	27.45	27.45	4,770,500
Dec 18, 2024	29.50	29.50	27.71	27.73	27.73	4,768,900
Dec 17, 2024	29.62	29.81	29.31	29.38	29.38	3,538,200
Dec 16, 2024	29.72	29.98	29.44	29.73	29.73	4,336,100
Dec 13, 2024	29.96	30.10	29.70	29.86	29.86	3,619,000
Dec 12, 2024	29.72	30.21	29.60	30.02	30.02	3,227,500
Dec 11, 2024	30.04	30.08	29.55	29.92	29.92	3,732,300
Dec 10, 2024	31.13	31.26	29.26	29.82	29.82	5,373,500
Dec 9, 2024	31.14	31.29	30.41	30.48	30.48	2,716,300
Dec 6, 2024	31.32	31.38	30.96	31.15	31.15	2,612,300
Dec 5, 2024	31.48	31.56	31.13	31.25	31.25	3,290,600
Dec 4, 2024	31.11	31.72	31.03	31.70	31.70	2,698,500
Dec 3, 2024	30.90	31.04	30.74	30.84	30.84	2,844,300
Dec 2, 2024	30.82	31.05	30.56	30.93	30.93	3,877,100
Nov 29, 2024	30.99	31.20	30.82	30.85	30.85	1,909,900
Nov 27, 2024	31.00	31.13	30.59	30.84	30.84	2,441,300
Nov 26, 2024	30.63	30.94	30.49	30.90	30.90	2,871,100
Nov 25, 2024	30.50	30.79	30.37	30.62	30.62	7,137,400
Nov 22, 2024	29.96	30.31	29.89	30.19	30.19	2,545,600
Nov 21, 2024	29.54	30.04	29.37	29.81	29.81	2,393,400
Nov 20, 2024	29.21	29.55	28.90	29.44	29.44	3,457,000
Nov 19, 2024	29.07	29.32	28.89	29.24	29.24	2,354,700
Nov 18, 2024	0.13 Dividend
Nov 18, 2024	29.59	29.74	29.07	29.28	29.28	2,002,100
Nov 15, 2024	29.99	30.07	29.48	29.58	29.45	2,332,500
Nov 14, 2024	30.49	30.55	29.99	30.04	29.91	2,147,500
Nov 13, 2024	30.62	30.89	30.46	30.51	30.38	2,712,300
Nov 12, 2024	30.06	30.56	30.01	30.53	30.40	3,450,200
Nov 11, 2024	29.69	30.55	29.64	30.37	30.24	4,121,700
Nov 8, 2024	29.69	29.89	29.47	29.53	29.41	2,950,600
Nov 7, 2024	29.21	29.59	29.02	29.55	29.43	4,469,800
Nov 6, 2024	29.05	29.34	28.87	29.12	29.00	5,502,600
Nov 5, 2024	28.20	28.64	28.13	28.53	28.41	4,085,800
Nov 4, 2024	28.23	28.47	28.13	28.24	28.12	3,307,600
Nov 1, 2024	28.78	29.19	28.12	28.27	28.15	4,854,200
Oct 31, 2024	27.65	30.03	27.65	29.11	28.99	10,898,100
Oct 30, 2024	26.94	27.38	26.87	26.91	26.80	3,181,100
Oct 29, 2024	27.03	27.26	26.96	27.11	27.00	2,726,500
Oct 28, 2024	26.83	27.27	26.83	27.03	26.92	2,195,500
Oct 25, 2024	27.15	27.22	26.86	26.97	26.86	1,825,400
Oct 24, 2024	27.13	27.58	26.90	27.02	26.91	3,388,300
Oct 23, 2024	27.05	27.10	26.78	26.80	26.69	2,057,300
Oct 22, 2024	26.83	27.26	26.75	27.11	27.00	2,514,300
Oct 21, 2024	27.05	27.23	26.71	26.80	26.69	4,595,000
Oct 18, 2024	28.11	28.17	27.10	27.20	27.09	2,975,900
Oct 17, 2024	28.09	28.30	27.93	28.06	27.94	4,041,300
Oct 16, 2024	28.14	28.25	28.01	28.17	28.05	1,764,200
Oct 15, 2024	28.09	28.45	28.01	28.11	27.99	2,256,700
Oct 14, 2024	27.78	28.02	27.60	28.01	27.89	2,673,700
Oct 11, 2024	27.77	27.81	27.59	27.75	27.63	2,045,700
Oct 10, 2024	27.45	27.76	27.38	27.70	27.58	2,596,100
Oct 9, 2024	27.46	27.79	27.40	27.59	27.47	2,121,000
Oct 8, 2024	27.30	27.51	27.25	27.41	27.29	1,543,300
Oct 7, 2024	27.46	27.59	27.20	27.29	27.17	2,064,500
Oct 4, 2024	27.29	27.49	26.98	27.49	27.37	1,803,200
Oct 3, 2024	26.95	26.98	26.75	26.97	26.86	3,125,600
Oct 2, 2024	27.04	27.25	26.96	27.00	26.89	1,752,300
Oct 1, 2024	27.50	27.50	26.98	27.19	27.08	2,395,100
Sep 30, 2024	27.47	27.53	27.24	27.43	27.31	2,734,400
Sep 27, 2024	27.19	27.51	27.19	27.47	27.35	3,619,100
Sep 26, 2024	26.88	27.21	26.71	27.17	27.06	2,203,300
Sep 25, 2024	27.16	27.24	26.69	26.74	26.63	2,268,900
Sep 24, 2024	26.85	27.20	26.78	27.20	27.09	2,643,800
Sep 23, 2024	26.67	26.88	26.38	26.81	26.70	2,491,300
Sep 20, 2024	26.62	26.65	26.13	26.48	26.37	13,942,400
Sep 19, 2024	26.91	27.13	26.66	26.87	26.76	3,554,500
Sep 18, 2024	26.27	26.85	26.27	26.58	26.47	2,483,300
Sep 17, 2024	26.63	26.74	26.44	26.46	26.35	2,665,000
Sep 16, 2024	26.52	26.84	26.51	26.62	26.51	2,494,000
Sep 13, 2024	26.42	26.50	26.27	26.49	26.38	3,140,200
Sep 12, 2024	26.00	26.26	25.79	26.25	26.14	3,397,900
Sep 11, 2024	25.68	26.04	25.27	26.02	25.91	3,674,200
Sep 10, 2024	25.83	25.97	25.57	25.90	25.79	2,610,800
Sep 9, 2024	25.64	26.00	25.49	25.72	25.61	3,520,200
Sep 6, 2024	25.89	26.17	25.33	25.38	25.27	2,864,800
Sep 5, 2024	26.12	26.36	25.83	25.94	25.83	2,377,100
Sep 4, 2024	26.03	26.32	25.94	26.15	26.04	2,241,100
Sep 3, 2024	26.29	26.72	26.02	26.08	25.97	3,666,900
Aug 30, 2024	26.53	26.64	26.28	26.46	26.35	5,696,200
Aug 29, 2024	26.41	26.76	26.24	26.42	26.31	2,299,400
Aug 28, 2024	26.33	26.43	26.05	26.22	26.11	2,715,900
Aug 27, 2024	25.96	26.37	25.92	26.35	26.24	2,288,600
Aug 26, 2024	25.81	26.40	25.72	26.14	26.03	3,390,300
Aug 23, 2024	25.43	25.74	25.27	25.72	25.61	2,052,500
Aug 22, 2024	25.73	25.80	25.21	25.29	25.18	2,275,300
Aug 21, 2024	25.35	25.77	25.04	25.75	25.64	2,561,300
Aug 20, 2024	25.46	25.56	25.19	25.31	25.20	2,036,900
Aug 19, 2024	0.13 Dividend
Aug 19, 2024	25.22	25.70	25.19	25.48	25.37	2,901,000
Aug 16, 2024	24.87	25.29	24.77	25.27	25.04	2,707,000
Aug 15, 2024	25.22	25.26	24.73	24.88	24.65	2,448,700
Aug 14, 2024	24.84	25.02	24.73	24.94	24.71	2,038,600
Aug 13, 2024	24.78	24.91	24.47	24.88	24.65	2,690,100
Aug 12, 2024	24.94	25.10	24.45	24.62	24.39	1,976,800
Aug 9, 2024	24.76	25.09	24.61	24.90	24.67	2,108,900
Aug 8, 2024	24.50	24.77	24.41	24.74	24.51	3,842,500
Aug 7, 2024	24.72	25.03	24.20	24.26	24.04	3,174,300
Aug 6, 2024	24.70	24.87	24.40	24.42	24.20	3,217,700
Aug 5, 2024	24.26	25.05	24.12	24.63	24.40	3,810,600
Aug 2, 2024	24.92	25.44	23.89	25.16	24.93	5,833,400
Aug 1, 2024	25.93	26.07	25.19	25.24	25.01	3,966,100
Jul 31, 2024	26.03	26.37	25.92	25.99	25.75	3,903,800
Jul 30, 2024	26.15	26.29	25.75	25.77	25.53	2,862,300
Jul 29, 2024	26.17	26.33	25.97	26.06	25.82	2,105,300
Jul 26, 2024	25.54	26.27	25.37	26.09	25.85	4,689,700
Jul 25, 2024	25.24	25.67	25.10	25.21	24.98	3,079,800
Jul 24, 2024	25.34	25.53	25.14	25.20	24.97	3,745,000
Jul 23, 2024	25.47	25.53	25.26	25.29	25.06	2,062,000
Jul 22, 2024	25.66	25.74	25.31	25.53	25.30	2,798,600
Jul 19, 2024	25.64	25.71	25.32	25.48	25.25	2,805,700
Jul 18, 2024	25.72	25.92	25.41	25.58	25.35	2,454,900
Jul 17, 2024	25.34	25.81	25.27	25.78	25.54	2,760,000
Jul 16, 2024	25.54	25.83	25.39	25.58	25.35	3,495,900
Jul 15, 2024	25.60	25.79	25.31	25.36	25.13	2,768,100
Jul 12, 2024	25.00	25.55	24.85	25.51	25.28	2,529,700
Jul 11, 2024	24.65	25.29	24.65	25.00	24.77	2,706,500
Jul 10, 2024	24.08	24.62	24.06	24.60	24.37	2,807,700
Jul 9, 2024	24.46	24.58	24.07	24.13	23.91	3,332,700
Jul 8, 2024	24.66	24.74	24.42	24.55	24.33	2,819,100
Jul 5, 2024	24.50	24.77	24.43	24.64	24.41	5,610,800
Jul 3, 2024	24.97	25.04	24.68	24.68	24.45	2,705,000
Jul 2, 2024	24.92	25.06	24.55	24.96	24.73	3,241,100
Jul 1, 2024	24.98	25.17	24.80	24.89	24.66	3,351,700
Jun 28, 2024	24.72	25.00	24.67	24.98	24.75	6,394,200
Jun 27, 2024	24.33	24.71	24.25	24.62	24.39	4,135,000
Jun 26, 2024	24.10	24.32	23.99	24.19	23.97	3,195,200
Jun 25, 2024	24.20	24.37	24.10	24.17	23.95	4,198,800
Jun 24, 2024	23.93	24.25	23.69	24.08	23.86	4,985,500
Jun 21, 2024	23.78	24.34	23.64	24.22	24.00	29,237,100
Jun 20, 2024	23.52	23.83	23.34	23.76	23.54	4,210,800
Jun 18, 2024	23.77	24.00	23.27	23.56	23.34	5,432,400
Jun 17, 2024	24.38	24.38	23.64	23.69	23.47	5,499,600
Jun 14, 2024	24.41	24.67	24.31	24.39	24.17	3,759,300
Jun 13, 2024	24.73	25.09	24.35	24.49	24.27	3,547,000
Jun 12, 2024	24.78	25.11	24.65	24.89	24.66	5,102,700
Jun 11, 2024	24.43	24.54	24.13	24.36	24.14	3,914,100
Jun 10, 2024	24.46	24.90	24.13	24.48	24.26	6,431,800
Jun 7, 2024	24.24	24.82	23.86	24.72	24.49	8,481,400
Jun 6, 2024	25.40	25.62	25.31	25.44	25.21	3,644,400
Jun 5, 2024	24.88	25.48	24.88	25.46	25.23	4,761,600
Jun 4, 2024	24.63	25.07	24.62	24.82	24.59	4,324,600
Jun 3, 2024	24.94	25.06	24.48	24.81	24.58	6,012,800
May 31, 2024	24.69	24.91	24.43	24.83	24.60	19,913,100
May 30, 2024	24.53	24.66	24.22	24.58	24.36	4,687,200
May 29, 2024	24.44	24.78	24.44	24.50	24.28	4,828,400
May 28, 2024	24.71	25.02	24.62	24.81	24.58	4,879,300
May 24, 2024	24.70	24.96	24.64	24.89	24.66	3,869,400
May 23, 2024	24.98	25.04	24.56	24.67	24.44	4,937,100
May 22, 2024	25.09	25.20	24.94	25.00	24.77	5,392,000
May 21, 2024	24.47	25.07	24.40	25.05	24.82	6,544,800
May 20, 2024	25.05	25.10	24.36	24.47	24.25	7,738,100
May 17, 2024	0.13 Dividend
May 17, 2024	25.15	25.22	24.49	25.03	24.80	6,617,300
May 16, 2024	24.95	25.47	24.78	25.41	25.05	5,302,300
May 15, 2024	24.71	25.07	24.62	25.05	24.70	6,760,100
May 14, 2024	23.92	24.58	23.79	24.54	24.20	8,562,200
May 13, 2024	23.46	24.15	23.45	24.00	23.66	9,124,300
May 10, 2024	22.47	23.65	22.09	23.46	23.13	13,620,300
May 9, 2024	20.09	20.37	20.03	20.34	20.05	5,677,900
May 8, 2024	19.83	20.05	19.66	20.02	19.74	3,537,900
May 7, 2024	19.77	20.02	19.68	19.96	19.68	4,869,200
May 6, 2024	20.08	20.08	19.64	19.70	19.42	7,083,100
May 3, 2024	19.81	20.05	19.66	20.03	19.75	5,653,200
May 2, 2024	20.00	20.08	19.58	19.68	19.40	6,220,300
May 1, 2024	20.20	20.48	19.91	19.95	19.67	5,409,100
Apr 30, 2024	20.65	20.84	20.13	20.14	19.86	5,497,200
Apr 29, 2024	20.64	21.00	20.61	20.76	20.47	2,308,600
Apr 26, 2024	20.62	20.88	20.53	20.63	20.34	2,536,200
Apr 25, 2024	20.61	20.68	20.40	20.55	20.26	2,166,400
Apr 24, 2024	20.70	20.86	20.51	20.83	20.54	2,371,900
Apr 23, 2024	20.58	20.91	20.58	20.68	20.39	3,214,200
Apr 22, 2024	20.73	20.74	20.23	20.49	20.20	3,163,400
Apr 19, 2024	20.52	20.68	20.41	20.50	20.21	2,633,700
Apr 18, 2024	20.45	20.54	20.29	20.38	20.09	2,508,300
Apr 17, 2024	20.46	20.72	20.35	20.37	20.08	2,520,800
Apr 16, 2024	20.62	20.69	20.40	20.44	20.15	2,593,700
Apr 15, 2024	21.09	21.24	20.45	20.60	20.31	3,389,900
Apr 12, 2024	20.81	21.15	20.74	20.93	20.64	3,697,000
Apr 11, 2024	21.89	21.97	20.91	20.99	20.70	5,931,100
Apr 10, 2024	22.23	22.62	22.23	22.34	22.03	4,366,700
Apr 9, 2024	22.40	22.69	22.26	22.66	22.34	2,422,600
Apr 8, 2024	22.21	22.51	22.17	22.27	21.96	2,520,200
Apr 5, 2024	21.97	22.23	21.87	22.15	21.84	2,970,100
Apr 4, 2024	22.24	22.63	22.01	22.03	21.72	2,893,800
Apr 3, 2024	22.01	22.21	21.91	22.06	21.75	2,481,200
Apr 2, 2024	22.14	22.34	21.86	22.06	21.75	2,580,500
Apr 1, 2024	22.34	22.40	21.95	22.31	22.00	2,553,400
Mar 28, 2024	22.20	22.44	22.15	22.40	22.09	3,053,100
Mar 27, 2024	22.04	22.15	21.71	22.10	21.79	2,516,400
Mar 26, 2024	21.73	22.04	21.73	21.90	21.59	3,328,700
Mar 25, 2024	22.13	22.16	21.73	21.75	21.44	4,282,500
Mar 22, 2024	22.19	22.19	21.91	22.10	21.79	2,504,200
Mar 21, 2024	21.77	22.22	21.68	22.14	21.83	3,615,300
Mar 20, 2024	21.42	21.60	21.21	21.59	21.29	3,122,500
Mar 19, 2024	21.06	21.44	20.98	21.41	21.11	2,896,000
Mar 18, 2024	21.25	21.41	21.05	21.21	20.91	3,986,000
Mar 15, 2024	21.38	21.73	21.24	21.26	20.96	9,110,900
Mar 14, 2024	22.04	22.21	21.41	21.58	21.28	3,437,500
Mar 13, 2024	22.13	22.30	21.99	22.11	21.80	2,468,100
Mar 12, 2024	21.90	22.30	21.90	22.16	21.85	2,396,500
Mar 11, 2024	22.07	22.34	21.88	21.88	21.57	3,328,800
Mar 8, 2024	21.95	22.24	21.93	22.07	21.76	3,413,500
Mar 7, 2024	21.67	21.92	21.43	21.89	21.58	3,485,000
Mar 6, 2024	21.43	21.59	21.29	21.47	21.17	3,840,800
Mar 5, 2024	21.58	21.67	21.07	21.18	20.88	4,531,000
Mar 4, 2024	21.91	21.93	21.61	21.70	21.40	2,895,900
Mar 1, 2024	21.38	21.86	21.30	21.83	21.52	2,129,300
Feb 29, 2024	21.50	21.64	21.34	21.49	21.19	7,564,700
Feb 28, 2024	21.35	21.58	21.31	21.40	21.10	2,205,300
Feb 27, 2024	21.57	21.68	21.36	21.42	21.12	2,457,600
Feb 26, 2024	22.14	22.17	21.48	21.50	21.20	3,793,400
Feb 23, 2024	21.86	22.31	21.81	22.14	21.83	3,514,200
Feb 22, 2024	21.70	22.00	21.70	21.75	21.44	5,410,700
Feb 21, 2024	21.32	21.60	21.01	21.55	21.25	5,755,600
Feb 20, 2024	21.28	21.93	21.15	21.70	21.40	5,634,000
Feb 16, 2024	21.32	21.57	21.12	21.36	21.06	5,314,800
Feb 15, 2024	0.13 Dividend
Feb 15, 2024	21.33	21.78	21.28	21.39	21.09	4,965,100
Feb 14, 2024	21.48	21.55	21.22	21.32	20.90	6,387,200
Feb 13, 2024	21.36	21.58	21.03	21.36	20.94	8,376,600
Feb 12, 2024	21.36	22.01	21.31	21.90	21.47	6,429,500
Feb 9, 2024	21.01	21.39	20.92	21.35	20.93	6,126,700
Feb 8, 2024	20.91	20.96	20.61	20.87	20.46	5,527,500
Feb 7, 2024	20.83	21.07	20.62	20.91	20.50	6,521,000
Feb 6, 2024	21.05	21.12	20.51	20.59	20.18	6,673,000
Feb 5, 2024	21.23	21.52	20.80	21.09	20.67	10,740,900
Feb 2, 2024	22.38	22.47	19.08	21.23	20.81	24,620,200
Feb 1, 2024	23.54	24.05	23.35	23.92	23.45	4,403,600
Jan 31, 2024	24.03	24.10	23.42	23.48	23.01	3,987,400
Jan 30, 2024	24.22	24.37	23.79	23.97	23.50	5,251,400
