<TICKER>,<PER>,<DATE>,<TIME>,<OPEN>,<HIGH>,<LOW>,<CLOSE>,<VOL>,<OPENINT>
GEN.US,60,20240403,160000,22.01,22.07,21.91,21.92,111047,0
GEN.US,60,20240403,170000,21.94,22.205,21.91,22.17,226800,0
GEN.US,60,20240403,180000,22.165,22.165,22.065,22.065,119043,0
GEN.US,60,20240403,190000,22.065,22.165,22.045,22.1,154242,0
GEN.US,60,20240403,200000,22.1,22.155,22.075,22.105,92370,0
GEN.US,60,20240403,210000,22.11,22.125,22.06,22.065,143709,0
GEN.US,60,20240403,220000,22.065,22.09,21.98,22.06,1135529,0
GEN.US,60,20240404,160000,22.24,22.45,22.17,22.44,255791,0
GEN.US,60,20240404,170000,22.44,22.58,22.395,22.48,206331,0
GEN.US,60,20240404,180000,22.475,22.575,22.395,22.565,202855,0
GEN.US,60,20240404,190000,22.56,22.63,22.5137,22.625,250707,0
GEN.US,60,20240404,200000,22.625,22.63,22.51,22.515,152168,0
GEN.US,60,20240404,210000,22.51,22.515,22.12,22.135,250653,0
GEN.US,60,20240404,220000,22.135,22.15,22.005,22.03,1041856,0
GEN.US,60,20240405,160000,21.97,22.085,21.96,22.055,74066,0
GEN.US,60,20240405,170000,22.05,22.09,21.87,22.085,215376,0
GEN.US,60,20240405,180000,22.085,22.12,21.995,22.11,153764,0
GEN.US,60,20240405,190000,22.11,22.19,22.095,22.185,135820,0
GEN.US,60,20240405,200000,22.185,22.23,22.12,22.145,167925,0
GEN.US,60,20240405,210000,22.14,22.165,22.1,22.115,126666,0
GEN.US,60,20240405,220000,22.115,22.19,22.115,22.15,528825,0
GEN.US,60,20240408,160000,22.21,22.41,22.17,22.225,95452,0
GEN.US,60,20240408,170000,22.23,22.42,22.195,22.415,230384,0
GEN.US,60,20240408,180000,22.41,22.495,22.39,22.465,283449,0
GEN.US,60,20240408,190000,22.46,22.505,22.44,22.495,273283,0
GEN.US,60,20240408,200000,22.495,22.5,22.41,22.445,183014,0
GEN.US,60,20240408,210000,22.44,22.4401,22.225,22.245,138559,0
GEN.US,60,20240408,220000,22.24,22.29,22.2,22.285,283747,0
GEN.US,60,20240409,160000,22.44,22.53,22.38,22.45,80384,0
GEN.US,60,20240409,170000,22.45,22.61,22.31,22.325,150151,0
GEN.US,60,20240409,180000,22.32,22.475,22.255,22.455,154079,0
GEN.US,60,20240409,190000,22.46,22.475,22.37,22.385,91355,0
GEN.US,60,20240409,200000,22.38,22.46,22.37,22.41,103846,0
GEN.US,60,20240409,210000,22.4,22.51,22.39,22.505,314236,0
GEN.US,60,20240409,220000,22.5,22.69,22.45,22.66,802847,0
GEN.US,60,20240410,160000,22.23,22.62,22.225,22.355,185485,0
GEN.US,60,20240410,170000,22.35,22.62,22.24,22.41,1018402,0
GEN.US,60,20240410,180000,22.415,22.47,22.33,22.345,264220,0
GEN.US,60,20240410,190000,22.35,22.42,22.33,22.415,265449,0
GEN.US,60,20240410,200000,22.415,22.475,22.31,22.4,264105,0
GEN.US,60,20240410,210000,22.41,22.45,22.265,22.27,291754,0
GEN.US,60,20240410,220000,22.27,22.39,22.23,22.33,553577,0
GEN.US,60,20240411,160000,21.89,21.97,21.49,21.515,464576,0
GEN.US,60,20240411,170000,21.525,21.56,21.2,21.355,830736,0
GEN.US,60,20240411,180000,21.355,21.37,21.07,21.11,562530,0
GEN.US,60,20240411,190000,21.11,21.12,21,21.02,454652,0
GEN.US,60,20240411,200000,21.02,21.1,20.905,21.045,593245,0
GEN.US,60,20240411,210000,21.05,21.15,21.02,21.11,306070,0
GEN.US,60,20240411,220000,21.11,21.115,20.985,20.995,1048065,0
GEN.US,60,20240412,160000,20.812,21.03,20.74,21.01,189076,0
GEN.US,60,20240412,170000,21.01,21.15,20.915,20.935,295208,0
GEN.US,60,20240412,180000,20.93,21.135,20.93,21.085,238200,0
GEN.US,60,20240412,190000,21.08,21.085,20.875,20.8939,247847,0
GEN.US,60,20240412,200000,20.89,20.9391,20.795,20.87,241645,0
GEN.US,60,20240412,210000,20.875,20.935,20.835,20.89,227691,0
GEN.US,60,20240412,220000,20.89,20.94,20.78,20.925,666591,0
GEN.US,60,20240415,160000,21.09,21.24,21.03,21.05,150604,0
GEN.US,60,20240415,170000,21.065,21.065,20.76,20.83,218573,0
GEN.US,60,20240415,180000,20.83,20.97,20.79,20.97,186068,0
GEN.US,60,20240415,190000,20.965,21,20.87,20.95,179552,0
GEN.US,60,20240415,200000,20.94,20.95,20.62,20.69,225904,0
GEN.US,60,20240415,210000,20.69,20.695,20.56,20.56,188726,0
GEN.US,60,20240415,220000,20.56,20.62,20.455,20.59,897145,0
GEN.US,60,20240416,160000,20.62,20.62,20.4561,20.6,66373,0
GEN.US,60,20240416,170000,20.61,20.61,20.4,20.445,264221,0
GEN.US,60,20240416,180000,20.445,20.565,20.44,20.525,323728,0
GEN.US,60,20240416,190000,20.53,20.595,20.47,20.595,87043,0
GEN.US,60,20240416,200000,20.595,20.61,20.5,20.57,117945,0
GEN.US,60,20240416,210000,20.57,20.69,20.52,20.625,111070,0
GEN.US,60,20240416,220000,20.62,20.6205,20.44,20.44,412489,0
GEN.US,60,20240417,160000,20.46,20.7,20.4001,20.63,131457,0
GEN.US,60,20240417,170000,20.63,20.72,20.485,20.525,313327,0
GEN.US,60,20240417,180000,20.525,20.575,20.415,20.46,161046,0
GEN.US,60,20240417,190000,20.455,20.48,20.375,20.39,297678,0
GEN.US,60,20240417,200000,20.385,20.47,20.37,20.455,97420,0
GEN.US,60,20240417,210000,20.455,20.51,20.385,20.415,120462,0
GEN.US,60,20240417,220000,20.41,20.435,20.3538,20.37,381538,0
GEN.US,60,20240418,160000,20.45,20.465,20.29,20.465,61107,0
GEN.US,60,20240418,170000,20.47,20.515,20.355,20.495,371681,0
GEN.US,60,20240418,180000,20.49,20.53,20.42,20.5,252381,0
GEN.US,60,20240418,190000,20.5,20.54,20.385,20.415,214159,0
GEN.US,60,20240418,200000,20.415,20.45,20.37,20.425,130891,0
GEN.US,60,20240418,210000,20.425,20.425,20.29,20.33,158132,0
GEN.US,60,20240418,220000,20.32,20.405,20.32,20.38,760497,0
GEN.US,60,20240419,160000,20.52,20.58,20.41,20.565,180492,0
GEN.US,60,20240419,170000,20.555,20.68,20.55,20.55,162736,0
GEN.US,60,20240419,180000,20.55,20.6,20.49,20.545,118547,0
GEN.US,60,20240419,190000,20.54,20.555,20.43,20.525,99128,0
GEN.US,60,20240419,200000,20.52,20.62,20.495,20.59,110925,0
GEN.US,60,20240419,210000,20.585,20.585,20.435,20.4899,185934,0
GEN.US,60,20240419,220000,20.485,20.545,20.44,20.5,1160722,0
GEN.US,60,20240422,160000,20.73,20.74,20.415,20.441,232129,0
GEN.US,60,20240422,170000,20.445,20.545,20.36,20.365,279936,0
GEN.US,60,20240422,180000,20.36,20.38,20.23,20.295,413636,0
GEN.US,60,20240422,190000,20.295,20.42,20.295,20.385,261476,0
GEN.US,60,20240422,200000,20.39,20.605,20.37,20.59,168578,0
GEN.US,60,20240422,210000,20.59,20.65,20.53,20.565,169105,0
GEN.US,60,20240422,220000,20.57,20.595,20.475,20.5,586182,0
GEN.US,60,20240423,160000,20.58,20.88,20.575,20.835,178694,0
GEN.US,60,20240423,170000,20.835,20.91,20.68,20.73,339256,0
GEN.US,60,20240423,180000,20.73,20.74,20.64,20.73,148411,0
GEN.US,60,20240423,190000,20.72,20.8,20.695,20.785,285803,0
GEN.US,60,20240423,200000,20.775,20.775,20.67,20.69,202138,0
GEN.US,60,20240423,210000,20.69,20.75,20.67,20.74,225403,0
GEN.US,60,20240423,220000,20.735,20.74,20.635,20.6775,561628,0
GEN.US,60,20240424,160000,20.7,20.79,20.58,20.63,130949,0
GEN.US,60,20240424,170000,20.61,20.69,20.58,20.605,176763,0
GEN.US,60,20240424,180000,20.605,20.66,20.515,20.55,144436,0
GEN.US,60,20240424,190000,20.54,20.615,20.51,20.615,177129,0
GEN.US,60,20240424,200000,20.615,20.74,20.585,20.725,136654,0
GEN.US,60,20240424,210000,20.725,20.76,20.69,20.745,130832,0
GEN.US,60,20240424,220000,20.74,20.86,20.705,20.83,828391,0
GEN.US,60,20240425,160000,20.61,20.64,20.45,20.495,100543,0
GEN.US,60,20240425,170000,20.49,20.54,20.395,20.405,135135,0
GEN.US,60,20240425,180000,20.41,20.575,20.41,20.56,190338,0
GEN.US,60,20240425,190000,20.565,20.575,20.509,20.5301,107146,0
GEN.US,60,20240425,200000,20.535,20.605,20.49,20.6,103133,0
GEN.US,60,20240425,210000,20.59,20.64,20.545,20.57,127565,0
GEN.US,60,20240425,220000,20.575,20.675,20.53,20.55,954516,0
GEN.US,60,20240426,160000,20.62,20.75,20.53,20.69,86202,0
GEN.US,60,20240426,170000,20.685,20.87,20.685,20.835,185208,0
GEN.US,60,20240426,180000,20.84,20.875,20.785,20.839,200573,0
GEN.US,60,20240426,190000,20.835,20.84,20.735,20.82,171249,0
GEN.US,60,20240426,200000,20.82,20.825,20.73,20.755,98106,0
GEN.US,60,20240426,210000,20.755,20.78,20.72,20.765,113676,0
GEN.US,60,20240426,220000,20.77,20.785,20.625,20.63,1196798,0
GEN.US,60,20240429,160000,20.64,20.98,20.64,20.88,96998,0
GEN.US,60,20240429,170000,20.88,21,20.81,20.82,240973,0
GEN.US,60,20240429,180000,20.825,20.825,20.725,20.785,150385,0
GEN.US,60,20240429,190000,20.79,20.815,20.765,20.785,130210,0
GEN.US,60,20240429,200000,20.78,20.805,20.76,20.79,79006,0
GEN.US,60,20240429,210000,20.78,20.8092,20.695,20.71,121977,0
GEN.US,60,20240429,220000,20.705,20.76,20.61,20.76,1001421,0
GEN.US,60,20240430,160000,20.65,20.84,20.6,20.605,195413,0
GEN.US,60,20240430,170000,20.59,20.695,20.571,20.615,187991,0
GEN.US,60,20240430,180000,20.62,20.63,20.441,20.495,209574,0
GEN.US,60,20240430,190000,20.49,20.49,20.365,20.46,316771,0
GEN.US,60,20240430,200000,20.455,20.52,20.4395,20.5,191890,0
GEN.US,60,20240430,210000,20.505,20.52,20.34,20.38,378475,0
GEN.US,60,20240430,220000,20.38,20.38,20.125,20.14,1223828,0
GEN.US,60,20240501,160000,20.2,20.477,19.91,20.06,281192,0
GEN.US,60,20240501,170000,20.06,20.08,19.92,20.05,689124,0
GEN.US,60,20240501,180000,20.05,20.195,20.035,20.115,448498,0
GEN.US,60,20240501,190000,20.11,20.12,20.015,20.055,326981,0
GEN.US,60,20240501,200000,20.05,20.115,19.99,20.03,350770,0
GEN.US,60,20240501,210000,20.03,20.36,20.02,20.35,487902,0
GEN.US,60,20240501,220000,20.355,20.425,19.94,19.945,1527208,0
GEN.US,60,20240502,160000,20,20.08,19.85,19.855,143468,0
GEN.US,60,20240502,170000,19.855,19.885,19.675,19.795,945090,0
GEN.US,60,20240502,180000,19.795,19.82,19.66,19.69,879647,0
GEN.US,60,20240502,190000,19.685,19.705,19.6,19.66,886478,0
GEN.US,60,20240502,200000,19.66,19.72,19.63,19.675,527219,0
GEN.US,60,20240502,210000,19.675,19.69,19.63,19.67,344753,0
GEN.US,60,20240502,220000,19.67,19.705,19.575,19.675,1256139,0
GEN.US,60,20240503,160000,19.81,19.9,19.69,19.84,605943,0
GEN.US,60,20240503,170000,19.85,19.86,19.655,19.78,484824,0
GEN.US,60,20240503,180000,19.78,19.83,19.735,19.815,412277,0
GEN.US,60,20240503,190000,19.815,19.845,19.78,19.815,311629,0
GEN.US,60,20240503,200000,19.81,19.97,19.81,19.945,695009,0
GEN.US,60,20240503,210000,19.945,19.95,19.85,19.91,289985,0
GEN.US,60,20240503,220000,19.915,20.05,19.9,20.03,1868866,0
GEN.US,60,20240506,160000,20.08,20.08,19.76,19.76,279769,0
GEN.US,60,20240506,170000,19.765,19.975,19.765,19.925,394443,0
GEN.US,60,20240506,180000,19.925,19.955,19.87,19.905,246837,0
GEN.US,60,20240506,190000,19.9,19.96,19.87,19.945,246686,0
GEN.US,60,20240506,200000,19.9426,19.96,19.7,19.81,2306614,0
GEN.US,60,20240506,210000,19.81,19.82,19.64,19.64,507986,0
GEN.US,60,20240506,220000,19.64,19.74,19.64,19.69,1181722,0
GEN.US,60,20240507,160000,19.77,19.94,19.675,19.725,435382,0
GEN.US,60,20240507,170000,19.735,20,19.73,19.96,757730,0
GEN.US,60,20240507,180000,19.965,20.02,19.845,19.875,418990,0
GEN.US,60,20240507,190000,19.876,19.91,19.8,19.875,478559,0
GEN.US,60,20240507,200000,19.875,19.9,19.83,19.855,273718,0
GEN.US,60,20240507,210000,19.855,19.9,19.83,19.8651,283817,0
GEN.US,60,20240507,220000,19.865,19.97,19.855,19.96,940899,0
GEN.US,60,20240508,160000,19.83,19.895,19.66,19.785,201746,0
GEN.US,60,20240508,170000,19.785,19.855,19.705,19.79,361890,0
GEN.US,60,20240508,180000,19.785,19.82,19.76,19.79,130090,0
GEN.US,60,20240508,190000,19.795,19.835,19.76,19.78,188526,0
GEN.US,60,20240508,200000,19.785,19.82,19.76,19.81,232521,0
GEN.US,60,20240508,210000,19.805,19.89,19.8,19.87,283686,0
GEN.US,60,20240508,220000,19.865,20.05,19.85,20.02,1508321,0
GEN.US,60,20240509,160000,20.09,20.235,20.03,20.2012,133568,0
GEN.US,60,20240509,170000,20.21,20.35,20.2,20.285,694212,0
GEN.US,60,20240509,180000,20.285,20.35,20.27,20.31,377146,0
GEN.US,60,20240509,190000,20.305,20.315,20.14,20.145,437933,0
GEN.US,60,20240509,200000,20.15,20.2158,20.14,20.15,371213,0
GEN.US,60,20240509,210000,20.155,20.22,20.135,20.2,449768,0
GEN.US,60,20240509,220000,20.2099,20.37,20.16,20.34,1760751,0
GEN.US,60,20240510,160000,22.47,23.65,22.09,23.565,2278936,0
GEN.US,60,20240510,170000,23.55,23.61,23.16,23.55,2127040,0
GEN.US,60,20240510,180000,23.5365,23.645,23.285,23.395,1033517,0
GEN.US,60,20240510,190000,23.395,23.49,23.3,23.335,1040134,0
GEN.US,60,20240510,200000,23.34,23.48,23.27,23.41,955568,0
GEN.US,60,20240510,210000,23.41,23.46,23.26,23.435,850273,0
GEN.US,60,20240510,220000,23.435,23.48,23.275,23.46,3642506,0
GEN.US,60,20240513,160000,23.5,23.92,23.45,23.905,751076,0
GEN.US,60,20240513,170000,23.905,23.99,23.69,23.9,859172,0
GEN.US,60,20240513,180000,23.905,23.935,23.73,23.7958,737351,0
GEN.US,60,20240513,190000,23.795,23.89,23.67,23.745,664640,0
GEN.US,60,20240513,200000,23.745,23.83,23.635,23.69,557438,0
GEN.US,60,20240513,210000,23.685,23.87,23.64,23.86,1100352,0
GEN.US,60,20240513,220000,23.86,24.145,23.86,24,3069839,0
GEN.US,60,20240514,160000,23.92,24.255,23.79,24.23,579949,0
GEN.US,60,20240514,170000,24.22,24.5,24.22,24.47,861566,0
GEN.US,60,20240514,180000,24.48,24.57,24.33,24.375,638805,0
GEN.US,60,20240514,190000,24.37,24.455,24.175,24.265,663152,0
GEN.US,60,20240514,200000,24.265,24.37,24.24,24.305,636542,0
GEN.US,60,20240514,210000,24.3,24.525,24.285,24.445,1047166,0
GEN.US,60,20240514,220000,24.445,24.58,24.385,24.54,2636191,0
GEN.US,60,20240515,160000,24.71,25.04,24.615,24.79,548257,0
GEN.US,60,20240515,170000,24.78,24.94,24.69,24.935,769895,0
GEN.US,60,20240515,180000,24.94,24.94,24.805,24.925,563609,0
GEN.US,60,20240515,190000,24.92,25.01,24.885,24.98,554903,0
GEN.US,60,20240515,200000,24.98,24.98,24.88,24.94,410075,0
GEN.US,60,20240515,210000,24.94,24.96,24.82,24.91,390666,0
GEN.US,60,20240515,220000,24.905,25.065,24.895,25.05,2102899,0
GEN.US,60,20240516,160000,24.95,25.025,24.78,25,253027,0
GEN.US,60,20240516,170000,24.995,25.12,24.92,25.105,611444,0
GEN.US,60,20240516,180000,25.105,25.22,25.045,25.195,293701,0
GEN.US,60,20240516,190000,25.195,25.31,25.17,25.29,362840,0
GEN.US,60,20240516,200000,25.29,25.4,25.29,25.37,287011,0
GEN.US,60,20240516,210000,25.365,25.43,25.31,25.425,280054,0
GEN.US,60,20240516,220000,25.43,25.47,25.38,25.41,2066974,0
GEN.US,60,20240517,160000,25.15,25.22,24.61,24.625,523435,0
GEN.US,60,20240517,170000,24.625,24.92,24.49,24.865,895208,0
GEN.US,60,20240517,180000,24.86,25,24.82,24.95,643534,0
GEN.US,60,20240517,190000,24.945,24.995,24.88,24.985,351716,0
GEN.US,60,20240517,200000,24.99,25.015,24.915,24.97,277279,0
GEN.US,60,20240517,210000,24.97,24.995,24.91,24.985,360241,0
GEN.US,60,20240517,220000,24.98,25.04,24.93,25.03,2151915,0
GEN.US,60,20240520,160000,25.05,25.1,24.7385,24.83,426430,0
GEN.US,60,20240520,170000,24.835,24.94,24.745,24.795,596522,0
GEN.US,60,20240520,180000,24.795,24.88,24.72,24.755,780665,0
GEN.US,60,20240520,190000,24.755,24.795,24.64,24.64,533547,0
GEN.US,60,20240520,200000,24.64,24.7,24.6,24.655,543422,0
GEN.US,60,20240520,210000,24.65,24.665,24.535,24.57,945859,0
GEN.US,60,20240520,220000,24.575,24.615,24.36,24.47,2899535,0
GEN.US,60,20240521,160000,24.47,24.695,24.395,24.585,526048,0
GEN.US,60,20240521,170000,24.585,24.91,24.55,24.84,1420735,0
GEN.US,60,20240521,180000,24.835,25,24.83,24.945,424078,0
GEN.US,60,20240521,190000,24.95,25.01,24.91,24.975,432788,0
GEN.US,60,20240521,200000,24.97,25.03,24.95,24.9914,486338,0
GEN.US,60,20240521,210000,25,25.03,24.97,25.005,387188,0
GEN.US,60,20240521,220000,25.01,25.07,24.98,25.05,1972144,0
GEN.US,60,20240522,160000,25.09,25.125,24.96,25.075,316391,0
GEN.US,60,20240522,170000,25.07,25.185,24.96,25.13,399768,0
GEN.US,60,20240522,180000,25.13,25.165,25.07,25.085,234377,0
GEN.US,60,20240522,190000,25.08,25.15,25.065,25.135,198286,0
GEN.US,60,20240522,200000,25.14,25.2,25,25,582245,0
GEN.US,60,20240522,210000,25.005,25.015,24.94,25,537527,0
GEN.US,60,20240522,220000,25.005,25.02,24.94,25,2162505,0
GEN.US,60,20240523,160000,24.98,25.02,24.71,24.88,318623,0
GEN.US,60,20240523,170000,24.88,25.035,24.85,24.905,593025,0
GEN.US,60,20240523,180000,24.91,25.01,24.875,24.945,381667,0
GEN.US,60,20240523,190000,24.945,24.98,24.8543,24.9,273399,0
GEN.US,60,20240523,200000,24.905,24.925,24.67,24.68,519140,0
GEN.US,60,20240523,210000,24.68,24.68,24.56,24.655,487825,0
GEN.US,60,20240523,220000,24.655,24.7,24.62,24.67,1397431,0
GEN.US,60,20240524,160000,24.7,24.93,24.635,24.67,229773,0
GEN.US,60,20240524,170000,24.68,24.81,24.66,24.76,446616,0
GEN.US,60,20240524,180000,24.76,24.85,24.73,24.805,352024,0
GEN.US,60,20240524,190000,24.8,24.86,24.78,24.795,254842,0
GEN.US,60,20240524,200000,24.795,24.82,24.75,24.81,317173,0
GEN.US,60,20240524,210000,24.815,24.905,24.81,24.905,346486,0
GEN.US,60,20240524,220000,24.905,24.955,24.835,24.89,1283133,0
GEN.US,60,20240528,160000,24.71,24.895,24.67,24.805,294151,0
GEN.US,60,20240528,170000,24.805,24.895,24.74,24.86,660768,0
GEN.US,60,20240528,180000,24.86,25.005,24.83,24.965,454986,0
GEN.US,60,20240528,190000,24.96,25.015,24.93,24.98,307873,0
GEN.US,60,20240528,200000,24.98,24.98,24.86,24.875,317028,0
GEN.US,60,20240528,210000,24.87,24.88,24.68,24.695,341621,0
GEN.US,60,20240528,220000,24.7,24.82,24.62,24.82,945075,0
GEN.US,60,20240529,160000,24.44,24.705,24.44,24.705,309306,0
GEN.US,60,20240529,170000,24.705,24.78,24.63,24.68,465384,0
GEN.US,60,20240529,180000,24.675,24.725,24.595,24.6625,395403,0
GEN.US,60,20240529,190000,24.6625,24.73,24.62,24.695,420684,0
GEN.US,60,20240529,200000,24.695,24.695,24.54,24.585,372640,0
GEN.US,60,20240529,210000,24.585,24.595,24.495,24.525,447586,0
GEN.US,60,20240529,220000,24.525,24.585,24.45,24.51,995880,0
GEN.US,60,20240530,160000,24.53,24.54,24.22,24.35,154210,0
GEN.US,60,20240530,170000,24.355,24.54,24.32,24.54,462725,0
GEN.US,60,20240530,180000,24.535,24.545,24.42,24.515,496086,0
GEN.US,60,20240530,190000,24.52,24.625,24.49,24.56,415232,0
GEN.US,60,20240530,200000,24.555,24.61,24.5,24.54,280672,0
GEN.US,60,20240530,210000,24.535,24.62,24.43,24.62,402883,0
GEN.US,60,20240530,220000,24.62,24.655,24.5,24.58,1602488,0
GEN.US,60,20240531,160000,24.69,24.77,24.445,24.48,317065,0
GEN.US,60,20240531,170000,24.475,24.63,24.425,24.575,689077,0
GEN.US,60,20240531,180000,24.575,24.61,24.48,24.565,606602,0
GEN.US,60,20240531,190000,24.565,24.68,24.51,24.635,804282,0
GEN.US,60,20240531,200000,24.63,24.705,24.58,24.64,835502,0
GEN.US,60,20240531,210000,24.64,24.66,24.53,24.585,889296,0
GEN.US,60,20240531,220000,24.59,24.91,24.56,24.82,2559388,0
GEN.US,60,20240603,160000,24.94,25.06,24.88,24.975,337372,0
GEN.US,60,20240603,170000,24.98,25.05,24.68,24.69,1147901,0
GEN.US,60,20240603,180000,24.695,24.79,24.615,24.615,608371,0
GEN.US,60,20240603,190000,24.615,24.6599,24.48,24.53,245377,0
GEN.US,60,20240603,200000,24.53,24.87,24.48,24.87,710603,0
GEN.US,60,20240603,210000,24.875,24.875,24.735,24.8,408396,0
GEN.US,60,20240603,220000,24.8,24.87,24.76,24.81,1575199,0
GEN.US,60,20240604,160000,24.63,25.03,24.62,24.98,410298,0
GEN.US,60,20240604,170000,25,25.065,24.85,24.865,496223,0
GEN.US,60,20240604,180000,24.87,24.9,24.75,24.77,246301,0
GEN.US,60,20240604,190000,24.765,24.88,24.755,24.855,219018,0
GEN.US,60,20240604,200000,24.855,24.905,24.85,24.855,207918,0
GEN.US,60,20240604,210000,24.855,24.91,24.84,24.87,212661,0
GEN.US,60,20240604,220000,24.87,24.94,24.8,24.82,1683798,0
GEN.US,60,20240605,160000,24.88,25.045,24.88,25.0195,175456,0
GEN.US,60,20240605,170000,25,25.07,24.93,25,482504,0
GEN.US,60,20240605,180000,25,25.17,24.99,25.165,324109,0
GEN.US,60,20240605,190000,25.165,25.3,25.12,25.255,370287,0
GEN.US,60,20240605,200000,25.255,25.347,25.24,25.345,243036,0
GEN.US,60,20240605,210000,25.345,25.44,25.33,25.375,257289,0
GEN.US,60,20240605,220000,25.375,25.48,25.3738,25.46,1568853,0
GEN.US,60,20240606,160000,25.4,25.615,25.3605,25.505,236446,0
GEN.US,60,20240606,170000,25.505,25.54,25.395,25.41,406194,0
GEN.US,60,20240606,180000,25.405,25.41,25.32,25.365,219114,0
GEN.US,60,20240606,190000,25.365,25.405,25.31,25.365,195979,0
GEN.US,60,20240606,200000,25.365,25.45,25.365,25.435,202381,0
GEN.US,60,20240606,210000,25.435,25.49,25.38,25.425,371718,0
GEN.US,60,20240606,220000,25.425,25.47,25.365,25.44,1338853,0
GEN.US,60,20240607,160000,24.24,24.524,23.92,24.065,645345,0
GEN.US,60,20240607,170000,24.05,24.2299,23.86,24.175,800010,0
GEN.US,60,20240607,180000,24.175,24.42,24.15,24.335,554563,0
GEN.US,60,20240607,190000,24.33,24.51,24.31,24.495,705589,0
GEN.US,60,20240607,200000,24.49,24.775,24.48,24.615,851947,0
GEN.US,60,20240607,210000,24.61,24.815,24.53,24.78,948755,0
GEN.US,60,20240607,220000,24.78,24.82,24.66,24.72,2556444,0
GEN.US,60,20240610,160000,24.46,24.746,24.38,24.695,453439,0
GEN.US,60,20240610,170000,24.7,24.9,24.38,24.38,1097188,0
GEN.US,60,20240610,180000,24.38,24.475,24.32,24.345,593770,0
GEN.US,60,20240610,190000,24.345,24.36,24.165,24.19,577846,0
GEN.US,60,20240610,200000,24.19,24.48,24.13,24.415,607063,0
GEN.US,60,20240610,210000,24.415,24.535,24.38,24.51,583094,0
GEN.US,60,20240610,220000,24.505,24.545,24.45,24.48,1008163,0
GEN.US,60,20240611,160000,24.43,24.525,24.31,24.475,209520,0
GEN.US,60,20240611,170000,24.47,24.47,24.165,24.185,478429,0
GEN.US,60,20240611,180000,24.185,24.34,24.13,24.335,319500,0
GEN.US,60,20240611,190000,24.34,24.41,24.31,24.34,210556,0
GEN.US,60,20240611,200000,24.335,24.46,24.335,24.435,206252,0
GEN.US,60,20240611,210000,24.435,24.51,24.425,24.48,349527,0
GEN.US,60,20240611,220000,24.48,24.485,24.34,24.36,1280325,0
GEN.US,60,20240612,160000,24.78,25.11,24.65,25.065,311084,0
GEN.US,60,20240612,170000,25.065,25.065,24.795,24.93,307251,0
GEN.US,60,20240612,180000,24.93,25.03,24.88,25,321634,0
GEN.US,60,20240612,190000,25,25.06,24.88,24.98,530840,0
GEN.US,60,20240612,200000,24.98,24.985,24.84,24.905,290365,0
GEN.US,60,20240612,210000,24.9,24.945,24.77,24.865,397143,0
GEN.US,60,20240612,220000,24.87,24.94,24.735,24.89,1279543,0
GEN.US,60,20240613,160000,24.73,25.085,24.73,25.01,318012,0
GEN.US,60,20240613,170000,25.005,25.055,24.695,24.725,378601,0
GEN.US,60,20240613,180000,24.725,24.73,24.54,24.545,216109,0
GEN.US,60,20240613,190000,24.54,24.54,24.35,24.405,212625,0
GEN.US,60,20240613,200000,24.405,24.47,24.395,24.425,258189,0
GEN.US,60,20240613,210000,24.42,24.55,24.4,24.515,395583,0
GEN.US,60,20240613,220000,24.51,24.62,24.48,24.485,639988,0
GEN.US,60,20240614,160000,24.41,24.67,24.365,24.6,176757,0
GEN.US,60,20240614,170000,24.59,24.6,24.395,24.415,288288,0
GEN.US,60,20240614,180000,24.42,24.48,24.34,24.36,284068,0
GEN.US,60,20240614,190000,24.365,24.41,24.305,24.3359,200634,0
GEN.US,60,20240614,200000,24.33,24.42,24.33,24.335,223465,0
GEN.US,60,20240614,210000,24.335,24.48,24.32,24.385,500797,0
GEN.US,60,20240614,220000,24.385,24.455,24.325,24.39,1262229,0
GEN.US,60,20240617,160000,24.38,24.38,24.02,24.085,126299,0
GEN.US,60,20240617,170000,24.08,24.115,23.74,23.7911,484396,0
GEN.US,60,20240617,180000,23.7951,23.84,23.675,23.68,328906,0
GEN.US,60,20240617,190000,23.685,23.865,23.64,23.845,410105,0
GEN.US,60,20240617,200000,23.84,23.92,23.74,23.835,427143,0
GEN.US,60,20240617,210000,23.835,23.88,23.76,23.86,434621,0
GEN.US,60,20240617,220000,23.865,23.935,23.66,23.69,2273143,0
GEN.US,60,20240618,160000,23.77,24,23.53,23.6,334869,0
GEN.US,60,20240618,170000,23.595,23.69,23.46,23.47,421474,0
GEN.US,60,20240618,180000,23.47,23.47,23.34,23.355,274542,0
GEN.US,60,20240618,190000,23.355,23.425,23.27,23.305,357519,0
GEN.US,60,20240618,200000,23.3,23.4,23.295,23.385,302939,0
GEN.US,60,20240618,210000,23.385,23.53,23.36,23.395,469863,0
GEN.US,60,20240618,220000,23.395,23.58,23.36,23.56,2277403,0
GEN.US,60,20240620,160000,23.52,23.64,23.34,23.62,437727,0
GEN.US,60,20240620,170000,23.62,23.73,23.5,23.555,429450,0
GEN.US,60,20240620,180000,23.555,23.6,23.53,23.585,222088,0
GEN.US,60,20240620,190000,23.58,23.68,23.57,23.665,284186,0
GEN.US,60,20240620,200000,23.665,23.74,23.65,23.725,169301,0
GEN.US,60,20240620,210000,23.725,23.77,23.67,23.755,277423,0
GEN.US,60,20240620,220000,23.755,23.825,23.73,23.76,1489911,0
GEN.US,60,20240621,160000,23.78,24.08,23.64,23.96,553322,0
GEN.US,60,20240621,170000,23.955,24.225,23.905,24.175,328260,0
GEN.US,60,20240621,180000,24.179,24.179,24,24.08,207829,0
GEN.US,60,20240621,190000,24.075,24.11,24.05,24.075,151179,0
GEN.US,60,20240621,200000,24.07,24.08,24.02,24.055,167886,0
GEN.US,60,20240621,210000,24.05,24.055,23.7,23.72,513397,0
GEN.US,60,20240621,220000,23.715,24.34,23.66,24.27,4105732,0
GEN.US,60,20240624,160000,23.93,23.995,23.69,23.935,201396,0
GEN.US,60,20240624,170000,23.93,24.25,23.915,24.16,343775,0
GEN.US,60,20240624,180000,24.16,24.215,24.095,24.1,215501,0
GEN.US,60,20240624,190000,24.095,24.095,23.975,23.995,174305,0
GEN.US,60,20240624,200000,24,24.039,23.945,24.025,140723,0
GEN.US,60,20240624,210000,24.025,24.205,24.02,24.16,217930,0
GEN.US,60,20240624,220000,24.17,24.205,24.07,24.09,761461,0
GEN.US,60,20240625,160000,24.2,24.37,24.1,24.285,142512,0
GEN.US,60,20240625,170000,24.285,24.35,24.17,24.195,416870,0
GEN.US,60,20240625,180000,24.195,24.305,24.18,24.26,219628,0
GEN.US,60,20240625,190000,24.255,24.26,24.185,24.2,241954,0
GEN.US,60,20240625,200000,24.195,24.27,24.16,24.24,149373,0
GEN.US,60,20240625,210000,24.2404,24.27,24.2,24.215,230870,0
GEN.US,60,20240625,220000,24.215,24.27,24.145,24.17,1938276,0
GEN.US,60,20240626,160000,24.1,24.17,23.99,24.14,66170,0
GEN.US,60,20240626,170000,24.135,24.255,24.045,24.19,304831,0
GEN.US,60,20240626,180000,24.195,24.27,24.13,24.215,210367,0
GEN.US,60,20240626,190000,24.215,24.255,24.185,24.205,126134,0
GEN.US,60,20240626,200000,24.205,24.27,24.18,24.255,180723,0
GEN.US,60,20240626,210000,24.255,24.31,24.23,24.295,135811,0
GEN.US,60,20240626,220000,24.295,24.32,24.15,24.19,1393950,0
GEN.US,60,20240627,160000,24.33,24.47,24.25,24.45,114845,0
GEN.US,60,20240627,170000,24.46,24.575,24.46,24.575,199174,0
GEN.US,60,20240627,180000,24.575,24.71,24.57,24.705,256788,0
GEN.US,60,20240627,190000,24.7,24.7,24.53,24.6,447311,0
GEN.US,60,20240627,200000,24.6,24.685,24.58,24.59,238684,0
GEN.US,60,20240627,210000,24.5971,24.65,24.535,24.565,336353,0
GEN.US,60,20240627,220000,24.565,24.71,24.545,24.62,1746045,0
GEN.US,60,20240628,160000,24.72,24.87,24.67,24.725,109323,0
GEN.US,60,20240628,170000,24.73,24.98,24.67,24.935,190163,0
GEN.US,60,20240628,180000,24.93,24.94,24.855,24.9,256279,0
GEN.US,60,20240628,190000,24.895,24.905,24.775,24.785,162139,0
GEN.US,60,20240628,200000,24.785,24.81,24.735,24.76,101541,0
GEN.US,60,20240628,210000,24.765,24.78,24.7,24.725,197318,0
GEN.US,60,20240628,220000,24.72,25,24.71,24.98,627900,0
GEN.US,60,20240701,160000,24.98,25.09,24.9,24.97,162607,0
GEN.US,60,20240701,170000,24.98,25.14,24.8,24.835,267799,0
GEN.US,60,20240701,180000,24.835,24.94,24.81,24.935,185853,0
GEN.US,60,20240701,190000,24.935,25.105,24.935,25.105,355673,0
GEN.US,60,20240701,200000,25.1,25.17,25.095,25.1,180259,0
GEN.US,60,20240701,210000,25.095,25.095,24.89,24.935,250005,0
GEN.US,60,20240701,220000,24.94,25.01,24.89,24.89,1240741,0
GEN.US,60,20240702,160000,24.92,25.06,24.72,24.83,215598,0
GEN.US,60,20240702,170000,24.82,24.83,24.585,24.615,273745,0
GEN.US,60,20240702,180000,24.615,24.68,24.57,24.59,195300,0
GEN.US,60,20240702,190000,24.6,24.725,24.55,24.71,168987,0
GEN.US,60,20240702,200000,24.71,24.7782,24.7,24.765,118562,0
GEN.US,60,20240702,210000,24.765,24.85,24.725,24.85,148741,0
GEN.US,60,20240702,220000,24.86,24.985,24.85,24.96,1134180,0
GEN.US,60,20240703,160000,24.97,25.04,24.81,24.89,193433,0
GEN.US,60,20240703,170000,24.91,25.005,24.9,24.935,254528,0
GEN.US,60,20240703,180000,24.935,24.985,24.84,24.865,239608,0
GEN.US,60,20240703,190000,24.865,24.89,24.68,24.71,410269,0
GEN.US,60,20240703,200000,24.705,24.71,24.68,24.68,1253547,0
GEN.US,60,20240705,160000,24.495,24.77,24.43,24.495,151260,0
GEN.US,60,20240705,170000,24.495,24.62,24.49,24.535,188746,0
GEN.US,60,20240705,180000,24.53,24.62,24.51,24.575,239127,0
GEN.US,60,20240705,190000,24.58,24.66,24.555,24.615,158734,0
GEN.US,60,20240705,200000,24.62,24.64,24.59,24.595,159790,0
GEN.US,60,20240705,210000,24.6,24.685,24.59,24.65,219672,0
GEN.US,60,20240705,220000,24.65,24.675,24.61,24.655,2301933,0
GEN.US,60,20240708,160000,24.66,24.74,24.42,24.44,85845,0
GEN.US,60,20240708,170000,24.485,24.55,24.44,24.525,58111,0
GEN.US,60,20240708,180000,24.53,24.545,24.47,24.505,113756,0
GEN.US,60,20240708,190000,24.505,24.52,24.44,24.505,93474,0
GEN.US,60,20240708,200000,24.505,24.545,24.44,24.525,118652,0
GEN.US,60,20240708,210000,24.525,24.66,24.51,24.62,190299,0
GEN.US,60,20240708,220000,24.62,24.665,24.53,24.55,1306541,0
GEN.US,60,20240709,160000,24.46,24.58,24.25,24.26,242534,0
GEN.US,60,20240709,170000,24.25,24.25,24.09,24.145,249805,0
GEN.US,60,20240709,180000,24.145,24.2,24.095,24.18,200470,0
GEN.US,60,20240709,190000,24.185,24.185,24.13,24.18,148998,0
GEN.US,60,20240709,200000,24.175,24.23,24.12,24.1315,201635,0
GEN.US,60,20240709,210000,24.12,24.165,24.065,24.08,192060,0
GEN.US,60,20240709,220000,24.08,24.16,24.07,24.13,1354115,0
GEN.US,60,20240710,160000,24.08,24.28,24.055,24.075,131610,0
GEN.US,60,20240710,170000,24.075,24.27,24.065,24.265,176336,0
GEN.US,60,20240710,180000,24.26,24.305,24.195,24.235,147749,0
GEN.US,60,20240710,190000,24.24,24.335,24.235,24.335,121247,0
GEN.US,60,20240710,200000,24.33,24.39,24.325,24.38,122075,0
GEN.US,60,20240710,210000,24.375,24.4,24.33,24.4,150601,0
GEN.US,60,20240710,220000,24.4,24.62,24.38,24.6,1382687,0
GEN.US,60,20240711,160000,24.65,25.1895,24.65,25.11,255079,0
GEN.US,60,20240711,170000,25.095,25.29,25.065,25.16,156543,0
GEN.US,60,20240711,180000,25.165,25.18,24.985,24.995,136287,0
GEN.US,60,20240711,190000,24.99,24.99,24.711,24.9,257951,0
GEN.US,60,20240711,200000,24.895,24.99,24.895,24.97,102109,0
GEN.US,60,20240711,210000,24.97,25.015,24.91,24.985,181122,0
GEN.US,60,20240711,220000,24.985,25.015,24.935,25,876049,0
GEN.US,60,20240712,160000,25,25.15,24.85,25.14,129583,0
GEN.US,60,20240712,170000,25.145,25.3,25.115,25.28,156872,0
GEN.US,60,20240712,180000,25.285,25.38,25.24,25.34,129494,0
GEN.US,60,20240712,190000,25.34,25.42,25.31,25.405,113730,0
GEN.US,60,20240712,200000,25.405,25.525,25.37,25.46,190550,0
GEN.US,60,20240712,210000,25.455,25.495,25.43,25.46,124427,0
GEN.US,60,20240712,220000,25.47,25.55,25.46,25.52,561591,0
GEN.US,60,20240715,160000,25.6,25.785,25.51,25.6,130078,0
GEN.US,60,20240715,170000,25.59,25.63,25.51,25.58,202461,0
GEN.US,60,20240715,180000,25.585,25.62,25.525,25.57,199053,0
GEN.US,60,20240715,190000,25.575,25.575,25.42,25.45,108543,0
GEN.US,60,20240715,200000,25.45,25.485,25.4,25.425,109861,0
GEN.US,60,20240715,210000,25.425,25.6,25.4,25.505,244627,0
GEN.US,60,20240715,220000,25.5,25.505,25.3125,25.36,305312,0
GEN.US,60,20240716,160000,25.54,25.63,25.4,25.62,82055,0
GEN.US,60,20240716,170000,25.62,25.62,25.43,25.605,212895,0
GEN.US,60,20240716,180000,25.605,25.65,25.56,25.605,96556,0
GEN.US,60,20240716,190000,25.605,25.73,25.6045,25.715,109390,0
GEN.US,60,20240716,200000,25.715,25.765,25.65,25.655,160057,0
GEN.US,60,20240716,210000,25.655,25.83,25.61,25.81,267303,0
GEN.US,60,20240716,220000,25.81,25.81,25.56,25.58,1730900,0
GEN.US,60,20240717,160000,25.3,25.49,25.27,25.45,62591,0
GEN.US,60,20240717,170000,25.445,25.715,25.445,25.615,185807,0
GEN.US,60,20240717,180000,25.61,25.71,25.54,25.7,213327,0
GEN.US,60,20240717,190000,25.7,25.73,25.47,25.6,203093,0
GEN.US,60,20240717,200000,25.59,25.69,25.54,25.62,123843,0
GEN.US,60,20240717,210000,25.625,25.77,25.6,25.755,132637,0
GEN.US,60,20240717,220000,25.755,25.81,25.695,25.78,528208,0
GEN.US,60,20240718,160000,25.715,25.91,25.66,25.86,142878,0
GEN.US,60,20240718,170000,25.85,25.92,25.705,25.89,245268,0
GEN.US,60,20240718,180000,25.8802,25.9,25.61,25.615,195616,0
GEN.US,60,20240718,190000,25.615,25.73,25.605,25.725,103008,0
GEN.US,60,20240718,200000,25.725,25.75,25.615,25.615,103390,0
GEN.US,60,20240718,210000,25.61,25.61,25.46,25.505,126236,0
GEN.US,60,20240718,220000,25.505,25.61,25.41,25.6,928043,0
GEN.US,60,20240719,160000,25.64,25.71,25.42,25.475,200093,0
GEN.US,60,20240719,170000,25.49,25.525,25.37,25.37,118378,0
GEN.US,60,20240719,180000,25.36,25.47,25.32,25.47,82720,0
GEN.US,60,20240719,190000,25.475,25.55,25.42,25.425,82151,0
GEN.US,60,20240719,200000,25.42,25.445,25.38,25.445,84862,0
GEN.US,60,20240719,210000,25.445,25.47,25.34,25.38,103955,0
GEN.US,60,20240719,220000,25.385,25.54,25.385,25.5,373330,0
GEN.US,60,20240722,160000,25.66,25.74,25.46,25.4726,148800,0
GEN.US,60,20240722,170000,25.48,25.54,25.365,25.52,368098,0
GEN.US,60,20240722,180000,25.52,25.545,25.37,25.42,213737,0
GEN.US,60,20240722,190000,25.42,25.425,25.31,25.395,127995,0
GEN.US,60,20240722,200000,25.4,25.41,25.33,25.35,120846,0
GEN.US,60,20240722,210000,25.355,25.495,25.33,25.46,175780,0
GEN.US,60,20240722,220000,25.465,25.54,25.43,25.53,1048695,0
GEN.US,60,20240723,160000,25.47,25.47,25.365,25.425,67951,0
GEN.US,60,20240723,170000,25.425,25.52,25.37,25.41,208569,0
GEN.US,60,20240723,180000,25.41,25.465,25.36,25.46,87352,0
GEN.US,60,20240723,190000,25.455,25.48,25.38,25.415,65493,0
GEN.US,60,20240723,200000,25.415,25.51,25.415,25.49,232645,0
GEN.US,60,20240723,210000,25.495,25.53,25.455,25.455,79743,0
GEN.US,60,20240723,220000,25.45,25.465,25.26,25.29,895344,0
GEN.US,60,20240724,160000,25.34,25.51,25.15,25.3,155328,0
GEN.US,60,20240724,170000,25.3,25.475,25.26,25.4,307218,0
GEN.US,60,20240724,180000,25.4,25.41,25.255,25.385,154104,0
GEN.US,60,20240724,190000,25.39,25.47,25.385,25.4,283951,0
GEN.US,60,20240724,200000,25.41,25.53,25.4,25.445,187288,0
GEN.US,60,20240724,210000,25.445,25.46,25.17,25.185,213979,0
GEN.US,60,20240724,220000,25.185,25.36,25.14,25.21,942585,0
GEN.US,60,20240725,160000,25.24,25.43,25.22,25.425,114274,0
GEN.US,60,20240725,170000,25.425,25.435,25.31,25.385,259870,0
GEN.US,60,20240725,180000,25.385,25.49,25.37,25.44,141643,0
GEN.US,60,20240725,190000,25.445,25.67,25.405,25.6,135051,0
GEN.US,60,20240725,200000,25.605,25.625,25.435,25.45,91822,0
GEN.US,60,20240725,210000,25.45,25.45,25.33,25.34,85112,0
GEN.US,60,20240725,220000,25.34,25.45,25.1,25.215,808619,0
GEN.US,60,20240726,160000,25.54,25.755,25.37,25.62,249265,0
GEN.US,60,20240726,170000,25.61,25.755,25.545,25.72,442143,0
GEN.US,60,20240726,180000,25.715,26.12,25.7,26.115,1023582,0
GEN.US,60,20240726,190000,26.12,26.27,26.11,26.245,327649,0
GEN.US,60,20240726,200000,26.2492,26.25,26.12,26.12,206623,0
GEN.US,60,20240726,210000,26.125,26.245,26.09,26.19,333920,0
GEN.US,60,20240726,220000,26.19,26.26,26.01,26.09,1329800,0
GEN.US,60,20240729,160000,26.168,26.33,25.97,26.23,99771,0
GEN.US,60,20240729,170000,26.235,26.275,26.01,26.135,151391,0
GEN.US,60,20240729,180000,26.135,26.195,26.05,26.155,91888,0
GEN.US,60,20240729,190000,26.155,26.225,26.055,26.07,97944,0
GEN.US,60,20240729,200000,26.08,26.135,26.005,26.04,114951,0
GEN.US,60,20240729,210000,26.03,26.155,26.015,26.1,143419,0
GEN.US,60,20240729,220000,26.09,26.14,26.045,26.06,866147,0
GEN.US,60,20240730,160000,26.15,26.28,26.09,26.2,77270,0
GEN.US,60,20240730,170000,26.21,26.245,26.06,26.065,150427,0
GEN.US,60,20240730,180000,26.07,26.08,25.88,25.925,137316,0
GEN.US,60,20240730,190000,25.93,25.955,25.835,25.855,118112,0
GEN.US,60,20240730,200000,25.8519,25.885,25.75,25.775,126849,0
GEN.US,60,20240730,210000,25.775,25.86,25.77,25.835,144588,0
GEN.US,60,20240730,220000,25.835,25.95,25.76,25.765,801791,0
GEN.US,60,20240731,160000,26.03,26.37,25.92,26.2,190625,0
GEN.US,60,20240731,170000,26.215,26.32,26.02,26.07,268767,0
GEN.US,60,20240731,180000,26.07,26.12,25.98,26.035,145901,0
GEN.US,60,20240731,190000,26.035,26.145,26.01,26.12,294726,0
GEN.US,60,20240731,200000,26.105,26.155,25.98,26.04,113511,0
GEN.US,60,20240731,210000,26.035,26.22,25.9425,26.22,581037,0
GEN.US,60,20240731,220000,26.215,26.28,25.965,25.98,850275,0
GEN.US,60,20240801,160000,25.93,26.07,25.82,25.88,107770,0
GEN.US,60,20240801,170000,25.915,25.995,25.625,25.67,188251,0
GEN.US,60,20240801,180000,25.67,25.67,25.42,25.53,191842,0
GEN.US,60,20240801,190000,25.525,25.555,25.435,25.455,123397,0
GEN.US,60,20240801,200000,25.45,25.45,25.29,25.395,180533,0
GEN.US,60,20240801,210000,25.395,25.41,25.29,25.345,361739,0
GEN.US,60,20240801,220000,25.3401,25.38,25.19,25.24,1117340,0
GEN.US,60,20240802,160000,24.9491,25.44,23.89,24.978,587399,0
GEN.US,60,20240802,170000,24.96,25.23,24.81,25.11,498570,0
GEN.US,60,20240802,180000,25.125,25.33,25.005,25.225,303717,0
GEN.US,60,20240802,190000,25.225,25.365,25.09,25.19,222973,0
GEN.US,60,20240802,200000,25.18,25.2,24.71,25.015,388235,0
GEN.US,60,20240802,210000,25.01,25.115,24.91,25.015,200135,0
GEN.US,60,20240802,220000,25.015,25.36,24.915,25.16,819800,0
GEN.US,60,20240805,160000,24.26,24.74,24.14,24.47,240132,0
GEN.US,60,20240805,170000,24.51,24.71,24.36,24.585,279678,0
GEN.US,60,20240805,180000,24.59,24.95,24.545,24.885,193558,0
GEN.US,60,20240805,190000,24.885,25.045,24.765,24.77,238023,0
GEN.US,60,20240805,200000,24.76,24.865,24.73,24.775,178536,0
GEN.US,60,20240805,210000,24.775,24.78,24.675,24.695,207744,0
GEN.US,60,20240805,220000,24.685,24.72,24.5,24.63,1377048,0
GEN.US,60,20240806,160000,24.7,24.87,24.62,24.745,80044,0
GEN.US,60,20240806,170000,24.71,24.755,24.515,24.585,229140,0
GEN.US,60,20240806,180000,24.59,24.78,24.55,24.735,254560,0
GEN.US,60,20240806,190000,24.74,24.765,24.66,24.73,121117,0
GEN.US,60,20240806,200000,24.725,24.7998,24.71,24.785,112056,0
GEN.US,60,20240806,210000,24.79,24.85,24.73,24.73,200569,0
GEN.US,60,20240806,220000,24.725,24.725,24.4,24.4,565746,0
GEN.US,60,20240807,160000,24.72,24.99,24.65,24.98,122841,0
GEN.US,60,20240807,170000,24.97,25.03,24.88,24.955,138998,0
GEN.US,60,20240807,180000,24.955,24.97,24.81,24.835,115900,0
GEN.US,60,20240807,190000,24.84,24.84,24.675,24.705,125459,0
GEN.US,60,20240807,200000,24.7,24.71,24.485,24.505,84342,0
GEN.US,60,20240807,210000,24.5,24.5,24.345,24.37,147704,0
GEN.US,60,20240807,220000,24.37,24.475,24.2,24.255,517355,0
GEN.US,60,20240808,160000,24.5,24.62,24.42,24.57,105452,0
GEN.US,60,20240808,170000,24.56,24.64,24.45,24.52,237516,0
GEN.US,60,20240808,180000,24.51,24.575,24.47,24.53,428699,0
GEN.US,60,20240808,190000,24.525,24.575,24.41,24.46,299370,0
GEN.US,60,20240808,200000,24.45,24.57,24.41,24.545,371864,0
GEN.US,60,20240808,210000,24.55,24.69,24.53,24.645,411532,0
GEN.US,60,20240808,220000,24.65,24.77,24.605,24.74,1128190,0
GEN.US,60,20240809,160000,24.76,24.78,24.605,24.78,60447,0
GEN.US,60,20240809,170000,24.78,24.87,24.715,24.81,92025,0
GEN.US,60,20240809,180000,24.805,25.02,24.775,24.93,337107,0
GEN.US,60,20240809,190000,24.92,24.935,24.86,24.9,142438,0
GEN.US,60,20240809,200000,24.905,25.0895,24.9,24.9799,112028,0
GEN.US,60,20240809,210000,24.975,24.98,24.855,24.935,96223,0
GEN.US,60,20240809,220000,24.935,24.97,24.845,24.9,762691,0
GEN.US,60,20240812,160000,24.94,25.1,24.73,24.78,97914,0
GEN.US,60,20240812,170000,24.77,24.875,24.651,24.87,133925,0
GEN.US,60,20240812,180000,24.87,24.87,24.7,24.795,105663,0
GEN.US,60,20240812,190000,24.79,24.825,24.67,24.67,77963,0
GEN.US,60,20240812,200000,24.655,24.755,24.63,24.645,89358,0
GEN.US,60,20240812,210000,24.64,24.655,24.545,24.55,178029,0
GEN.US,60,20240812,220000,24.55,24.63,24.45,24.62,838349,0
GEN.US,60,20240813,160000,24.78,24.88,24.56,24.61,94290,0
GEN.US,60,20240813,170000,24.61,24.69,24.47,24.67,154453,0
GEN.US,60,20240813,180000,24.6729,24.73,24.65,24.72,116559,0
GEN.US,60,20240813,190000,24.71,24.75,24.65,24.74,126985,0
GEN.US,60,20240813,200000,24.74,24.78,24.7,24.745,105978,0
GEN.US,60,20240813,210000,24.74,24.755,24.645,24.65,176270,0
GEN.US,60,20240813,220000,24.65,24.91,24.63,24.88,1389002,0
GEN.US,60,20240814,160000,24.84,24.99,24.84,24.845,129899,0
GEN.US,60,20240814,170000,24.855,24.865,24.73,24.815,139349,0
GEN.US,60,20240814,180000,24.83,24.95,24.81,24.905,85251,0
GEN.US,60,20240814,190000,24.9,24.9367,24.745,24.805,184704,0
GEN.US,60,20240814,200000,24.805,24.915,24.77,24.905,92691,0
GEN.US,60,20240814,210000,24.905,25,24.86,24.995,86666,0
GEN.US,60,20240814,220000,24.995,25.02,24.89,24.94,870215,0
GEN.US,60,20240815,160000,25.22,25.2589,25.025,25.135,95598,0
GEN.US,60,20240815,170000,25.13,25.13,24.955,24.97,215447,0
GEN.US,60,20240815,180000,24.975,24.98,24.85,24.8501,137530,0
GEN.US,60,20240815,190000,24.855,24.905,24.795,24.82,140767,0
GEN.US,60,20240815,200000,24.825,24.825,24.755,24.76,98199,0
GEN.US,60,20240815,210000,24.755,24.82,24.735,24.805,118050,0
GEN.US,60,20240815,220000,24.805,24.88,24.73,24.88,1086935,0
GEN.US,60,20240816,160000,24.87,24.93,24.77,24.87,183784,0
GEN.US,60,20240816,170000,24.88,24.985,24.87,24.945,221104,0
GEN.US,60,20240816,180000,24.945,25.085,24.945,25.07,125928,0
GEN.US,60,20240816,190000,25.065,25.165,25.005,25.1407,112188,0
GEN.US,60,20240816,200000,25.14,25.175,25.09,25.15,90975,0
GEN.US,60,20240816,210000,25.145,25.17,25.1,25.155,76151,0
GEN.US,60,20240816,220000,25.155,25.29,25.11,25.27,1253688,0
GEN.US,60,20240819,160000,25.22,25.46,25.19,25.375,111002,0
GEN.US,60,20240819,170000,25.375,25.45,25.3,25.44,141777,0
GEN.US,60,20240819,180000,25.44,25.515,25.42,25.475,135708,0
GEN.US,60,20240819,190000,25.475,25.635,25.47,25.625,75099,0
GEN.US,60,20240819,200000,25.625,25.7,25.61,25.69,69556,0
GEN.US,60,20240819,210000,25.69,25.69,25.57,25.585,127735,0
GEN.US,60,20240819,220000,25.585,25.645,25.445,25.48,1590443,0
GEN.US,60,20240820,160000,25.46,25.555,25.45,25.465,104736,0
GEN.US,60,20240820,170000,25.465,25.495,25.4,25.4,162831,0
GEN.US,60,20240820,180000,25.395,25.4,25.3,25.345,125820,0
GEN.US,60,20240820,190000,25.345,25.3561,25.255,25.26,101169,0
GEN.US,60,20240820,200000,25.26,25.265,25.185,25.23,119612,0
GEN.US,60,20240820,210000,25.225,25.4,25.22,25.365,91283,0
GEN.US,60,20240820,220000,25.37,25.385,25.275,25.31,847916,0
GEN.US,60,20240821,160000,25.35,25.39,25.13,25.195,150562,0
GEN.US,60,20240821,170000,25.19,25.22,25.035,25.0875,206552,0
GEN.US,60,20240821,180000,25.0875,25.31,25.05,25.275,198615,0
GEN.US,60,20240821,190000,25.275,25.365,25.25,25.355,88408,0
GEN.US,60,20240821,200000,25.355,25.44,25.34,25.429,107506,0
GEN.US,60,20240821,210000,25.44,25.625,25.4,25.615,362145,0
GEN.US,60,20240821,220000,25.615,25.77,25.57,25.75,864742,0
GEN.US,60,20240822,160000,25.73,25.8,25.45,25.47,147840,0
GEN.US,60,20240822,170000,25.48,25.55,25.255,25.27,220238,0
GEN.US,60,20240822,180000,25.28,25.355,25.21,25.285,125603,0
GEN.US,60,20240822,190000,25.28,25.395,25.28,25.28,84509,0
GEN.US,60,20240822,200000,25.275,25.32,25.225,25.235,83376,0
GEN.US,60,20240822,210000,25.235,25.315,25.225,25.24,91975,0
GEN.US,60,20240822,220000,25.24,25.33,25.225,25.28,401036,0
GEN.US,60,20240823,160000,25.43,25.5,25.265,25.31,48217,0
GEN.US,60,20240823,170000,25.3,25.48,25.3,25.465,91518,0
GEN.US,60,20240823,180000,25.47,25.6,25.43,25.445,68086,0
GEN.US,60,20240823,190000,25.44,25.44,25.36,25.44,70850,0
GEN.US,60,20240823,200000,25.43,25.51,25.41,25.475,87986,0
GEN.US,60,20240823,210000,25.47,25.57,25.46,25.531,106570,0
GEN.US,60,20240823,220000,25.535,25.74,25.504,25.72,1048128,0
GEN.US,60,20240826,160000,25.81,25.935,25.72,25.925,129250,0
GEN.US,60,20240826,170000,25.925,26.145,25.84,26.145,430423,0
GEN.US,60,20240826,180000,26.145,26.28,26.09,26.225,188805,0
GEN.US,60,20240826,190000,26.22,26.3695,26.2,26.365,177924,0
GEN.US,60,20240826,200000,26.37,26.4,26.24,26.255,149240,0
GEN.US,60,20240826,210000,26.255,26.315,26.201,26.29,147600,0
GEN.US,60,20240826,220000,26.295,26.315,26.07,26.14,646560,0
GEN.US,60,20240827,160000,25.96,26.21,25.92,26.135,149949,0
GEN.US,60,20240827,170000,26.135,26.145,26.03,26.085,327345,0
GEN.US,60,20240827,180000,26.09,26.25,26.075,26.215,182764,0
GEN.US,60,20240827,190000,26.215,26.24,26.14,26.165,67093,0
GEN.US,60,20240827,200000,26.17,26.27,26.155,26.26,74906,0
GEN.US,60,20240827,210000,26.26,26.34,26.21,26.32,100424,0
GEN.US,60,20240827,220000,26.325,26.37,26.275,26.35,905991,0
GEN.US,60,20240828,160000,26.33,26.43,26.23,26.355,127776,0
GEN.US,60,20240828,170000,26.33,26.385,26.22,26.34,253674,0
GEN.US,60,20240828,180000,26.335,26.395,26.23,26.26,415865,0
GEN.US,60,20240828,190000,26.26,26.26,26.045,26.145,88960,0
GEN.US,60,20240828,200000,26.145,26.27,26.115,26.15,239460,0
GEN.US,60,20240828,210000,26.14,26.19,26.045,26.18,267995,0
GEN.US,60,20240828,220000,26.18,26.255,26.14,26.22,790181,0
GEN.US,60,20240829,160000,26.4,26.48,26.24,26.343232,135789,0
GEN.US,60,20240829,170000,26.32,26.56,26.29,26.455,151526,0
GEN.US,60,20240829,180000,26.46,26.605,26.46,26.565,106176,0
GEN.US,60,20240829,190000,26.56,26.635,26.56,26.605,84635,0
GEN.US,60,20240829,200000,26.605,26.735,26.595,26.73,89498,0
GEN.US,60,20240829,210000,26.725,26.76,26.565,26.61,92829,0
GEN.US,60,20240829,220000,26.615,26.62,26.415,26.42,961816,0
GEN.US,60,20240830,160000,26.53,26.6,26.42,26.45,83857,0
GEN.US,60,20240830,170000,26.4201,26.515,26.385,26.425,161338,0
GEN.US,60,20240830,180000,26.425,26.495,26.28,26.3894,240941,0
GEN.US,60,20240830,190000,26.385,26.405,26.33,26.405,62126,0
GEN.US,60,20240830,200000,26.405,26.47,26.38,26.465,87715,0
GEN.US,60,20240830,210000,26.47,26.585,26.47,26.575,118470,0
GEN.US,60,20240830,220000,26.575,26.64,26.43,26.47,1044786,0
GEN.US,60,20240903,160000,26.29,26.72,26.2101,26.55,128362,0
GEN.US,60,20240903,170000,26.555,26.58,26.305,26.47,172935,0
GEN.US,60,20240903,180000,26.47,26.535,26.43,26.445,217966,0
GEN.US,60,20240903,190000,26.449,26.5,26.36,26.395,262491,0
GEN.US,60,20240903,200000,26.395,26.475,26.295,26.3,186066,0
GEN.US,60,20240903,210000,26.305,26.305,26.15,26.155,132843,0
GEN.US,60,20240903,220000,26.155,26.17,26.02,26.09,402695,0
GEN.US,60,20240904,160000,26.03,26.32,25.94,26.27,142142,0
GEN.US,60,20240904,170000,26.26,26.27,26.135,26.265,167780,0
GEN.US,60,20240904,180000,26.275,26.2775,26.08,26.1,73549,0
GEN.US,60,20240904,190000,26.1,26.17,26.06,26.105,96654,0
GEN.US,60,20240904,200000,26.105,26.125,26.0551,26.085,104786,0
GEN.US,60,20240904,210000,26.0825,26.14,26.07,26.075,85396,0
GEN.US,60,20240904,220000,26.075,26.185,26.05,26.15,846826,0
GEN.US,60,20240905,160000,26.12,26.2,25.96,26.11,70108,0
GEN.US,60,20240905,170000,26.11,26.36,26.065,26.085,147955,0
GEN.US,60,20240905,180000,26.085,26.09,25.83,25.835,121120,0
GEN.US,60,20240905,190000,25.83,26,25.83,25.97,209718,0
GEN.US,60,20240905,200000,25.97,26.06,25.95,26.045,70668,0
GEN.US,60,20240905,210000,26.045,26.055,25.98,26.015,100109,0
GEN.US,60,20240905,220000,26.015,26.0165,25.88,25.94,535313,0
GEN.US,60,20240906,160000,25.89,26.165,25.89,26.08,44685,0
GEN.US,60,20240906,170000,26.075,26.125,25.72,25.735,90950,0
GEN.US,60,20240906,180000,25.74,25.91,25.64,25.675,98881,0
GEN.US,60,20240906,190000,25.67,25.67,25.54,25.5455,56770,0
GEN.US,60,20240906,200000,25.545,25.61,25.535,25.6,70100,0
GEN.US,60,20240906,210000,25.6,25.61,25.455,25.5,219529,0
GEN.US,60,20240906,220000,25.495,25.565,25.325,25.385,684554,0
GEN.US,60,20240909,160000,25.64,25.7,25.485,25.56,138375,0
GEN.US,60,20240909,170000,25.55,25.765,25.54,25.685,288213,0
GEN.US,60,20240909,180000,25.685,25.83,25.65,25.815,196184,0
GEN.US,60,20240909,190000,25.815,25.99,25.815,25.985,151372,0
GEN.US,60,20240909,200000,25.985,26,25.855,25.855,160266,0
GEN.US,60,20240909,210000,25.86,25.88,25.815,25.845,170866,0
GEN.US,60,20240909,220000,25.845,25.85,25.63,25.73,574389,0
GEN.US,60,20240910,160000,25.76,25.97,25.745,25.835,71722,0
GEN.US,60,20240910,170000,25.835,25.895,25.655,25.8875,202932,0
GEN.US,60,20240910,180000,25.89,25.91,25.65,25.655,154144,0
GEN.US,60,20240910,190000,25.65,25.67,25.57,25.64,83282,0
GEN.US,60,20240910,200000,25.635,25.74,25.63,25.73,83272,0
GEN.US,60,20240910,210000,25.725,25.876,25.71,25.875,195353,0
GEN.US,60,20240910,220000,25.87,25.92,25.785,25.9,1115215,0
GEN.US,60,20240911,160000,25.68,25.84,25.455,25.46,75070,0
GEN.US,60,20240911,170000,25.44,25.5,25.27,25.355,98637,0
GEN.US,60,20240911,180000,25.35,25.588,25.345,25.505,97655,0
GEN.US,60,20240911,190000,25.5,25.74,25.49,25.72,132912,0
GEN.US,60,20240911,200000,25.725,25.875,25.725,25.835,111942,0
GEN.US,60,20240911,210000,25.835,25.91,25.75,25.845,171254,0
GEN.US,60,20240911,220000,25.845,26.04,25.81,26.02,781107,0
GEN.US,60,20240912,160000,26,26.19,25.795,25.805,61866,0
GEN.US,60,20240912,170000,25.805,26.01,25.785,25.89,157984,0
GEN.US,60,20240912,180000,25.885,25.96,25.875,25.895,115914,0
GEN.US,60,20240912,190000,25.895,25.975,25.88,25.965,84619,0
GEN.US,60,20240912,200000,25.97,26.075,25.965,26.07,146264,0
GEN.US,60,20240912,210000,26.075,26.135,26.025,26.125,188989,0
GEN.US,60,20240912,220000,26.125,26.26,26.115,26.25,1424570,0
GEN.US,60,20240913,160000,26.42,26.47,26.34,26.375,85795,0
GEN.US,60,20240913,170000,26.38,26.415,26.305,26.32,413490,0
GEN.US,60,20240913,180000,26.33,26.365,26.28,26.35,89091,0
GEN.US,60,20240913,190000,26.355,26.365,26.29,26.315,81026,0
GEN.US,60,20240913,200000,26.315,26.38,26.31,26.355,102420,0
GEN.US,60,20240913,210000,26.35,26.35,26.265,26.325,76419,0
GEN.US,60,20240913,220000,26.32,26.5,26.305,26.49,1163393,0
GEN.US,60,20240916,160000,26.58,26.83,26.54,26.795,76952,0
GEN.US,60,20240916,170000,26.795,26.8,26.59,26.63,129156,0
GEN.US,60,20240916,180000,26.625,26.78,26.6,26.75,204869,0
GEN.US,60,20240916,190000,26.75,26.76,26.655,26.745,72238,0
GEN.US,60,20240916,200000,26.7409,26.775,26.7201,26.765,76803,0
GEN.US,60,20240916,210000,26.765,26.77,26.695,26.745,61481,0
GEN.US,60,20240916,220000,26.75,26.765,26.59,26.62,1101903,0
GEN.US,60,20240917,160000,26.71,26.73,26.44,26.47,53633,0
GEN.US,60,20240917,170000,26.48,26.72,26.475,26.63,152325,0
GEN.US,60,20240917,180000,26.635,26.725,26.635,26.685,102495,0
GEN.US,60,20240917,190000,26.685,26.705,26.52,26.54,108071,0
GEN.US,60,20240917,200000,26.54,26.635,26.53,26.635,74106,0
GEN.US,60,20240917,210000,26.63,26.66,26.595,26.625,95527,0
GEN.US,60,20240917,220000,26.625,26.645,26.45,26.46,1248988,0
GEN.US,60,20240918,160000,26.27,26.47,26.27,26.385,61805,0
GEN.US,60,20240918,170000,26.385,26.45,26.29,26.355,140801,0
GEN.US,60,20240918,180000,26.355,26.435,26.345,26.355,91364,0
GEN.US,60,20240918,190000,26.35,26.51,26.345,26.505,93888,0
GEN.US,60,20240918,200000,26.505,26.5789,26.47,26.5494,100214,0
GEN.US,60,20240918,210000,26.54,26.845,26.48,26.62,577361,0
GEN.US,60,20240918,220000,26.59,26.715,26.475,26.58,385590,0
GEN.US,60,20240919,160000,26.91,27.07,26.66,26.855,129386,0
GEN.US,60,20240919,170000,26.855,26.95,26.78,26.88,492426,0
GEN.US,60,20240919,180000,26.88,26.995,26.84,26.92,227218,0
GEN.US,60,20240919,190000,26.925,27,26.895,26.91,383967,0
GEN.US,60,20240919,200000,26.91,26.98,26.87,26.98,95071,0
GEN.US,60,20240919,210000,26.975,27.13,26.95,26.97,289621,0
GEN.US,60,20240919,220000,26.97,26.995,26.77,26.86,449464,0
GEN.US,60,20240920,160000,26.62,26.65,26.34,26.385,729635,0
GEN.US,60,20240920,170000,26.385,26.425,26.1812,26.25,350130,0
GEN.US,60,20240920,180000,26.255,26.33,26.125,26.275,381268,0
GEN.US,60,20240920,190000,26.27,26.38,26.22,26.22,235294,0
GEN.US,60,20240920,200000,26.22,26.3375,26.195,26.335,161453,0
GEN.US,60,20240920,210000,26.335,26.3501,26.165,26.185,277044,0
GEN.US,60,20240920,220000,26.185,26.51,26.135,26.46,1844479,0
GEN.US,60,20240923,160000,26.67,26.67,26.38,26.535,69959,0
GEN.US,60,20240923,170000,26.54,26.695,26.47,26.685,129481,0
GEN.US,60,20240923,180000,26.6847,26.785,26.63,26.755,172978,0
GEN.US,60,20240923,190000,26.75,26.765,26.695,26.735,106429,0
GEN.US,60,20240923,200000,26.73,26.8,26.71,26.735,124900,0
GEN.US,60,20240923,210000,26.735,26.82,26.725,26.81,138008,0
GEN.US,60,20240923,220000,26.81,26.88,26.781,26.81,1144511,0
GEN.US,60,20240924,160000,26.85,26.98,26.79,26.88,63580,0
GEN.US,60,20240924,170000,26.87,27.045,26.78,27.02,168997,0
GEN.US,60,20240924,180000,27.025,27.025,26.92,26.93,124582,0
GEN.US,60,20240924,190000,26.94,27.015,26.94,26.995,100421,0
GEN.US,60,20240924,200000,26.995,27.05,26.995,27.015,41135,0
GEN.US,60,20240924,210000,27.015,27.07,26.99,27.055,108276,0
GEN.US,60,20240924,220000,27.05,27.2,27.04,27.19,613307,0
GEN.US,60,20240925,160000,27.16,27.24,26.94,26.9987,51019,0
GEN.US,60,20240925,170000,27,27.115,26.985,27.115,122565,0
GEN.US,60,20240925,180000,27.115,27.12,26.975,27.015,117342,0
GEN.US,60,20240925,190000,27.015,27.025,26.97,26.97,126148,0
GEN.US,60,20240925,200000,26.975,27,26.92,26.985,93829,0
GEN.US,60,20240925,210000,26.985,26.995,26.89,26.9099,171988,0
GEN.US,60,20240925,220000,26.905,26.905,26.685,26.74,1092395,0
GEN.US,60,20240926,160000,26.88,26.99,26.715,26.82,127956,0
GEN.US,60,20240926,170000,26.82,26.995,26.82,26.915,116414,0
GEN.US,60,20240926,180000,26.91,27.02,26.865,27.015,120826,0
GEN.US,60,20240926,190000,27.0115,27.06,26.93,26.95,116452,0
GEN.US,60,20240926,200000,26.94,27.07,26.87,27.035,98969,0
GEN.US,60,20240926,210000,27.0302,27.04,26.98,27.015,95570,0
GEN.US,60,20240926,220000,27.015,27.21,27.0007,27.17,473091,0
GEN.US,60,20240927,160000,27.19,27.44,27.19,27.243,60268,0
GEN.US,60,20240927,170000,27.25,27.46,27.2,27.46,174345,0
GEN.US,60,20240927,180000,27.455,27.5075,27.38,27.395,144762,0
GEN.US,60,20240927,190000,27.4,27.42,27.35,27.385,64746,0
GEN.US,60,20240927,200000,27.385,27.44,27.34,27.395,94170,0
GEN.US,60,20240927,210000,27.4,27.42,27.28,27.345,115221,0
GEN.US,60,20240927,220000,27.35,27.48,27.33,27.47,855410,0
GEN.US,60,20240930,160000,27.47,27.47,27.285,27.295,59464,0
GEN.US,60,20240930,170000,27.295,27.5,27.275,27.405,228546,0
GEN.US,60,20240930,180000,27.405,27.42,27.33,27.361,117900,0
GEN.US,60,20240930,190000,27.365,27.47,27.36,27.4501,101691,0
GEN.US,60,20240930,200000,27.455,27.53,27.45,27.455,80395,0
GEN.US,60,20240930,210000,27.45,27.45,27.24,27.33,89866,0
GEN.US,60,20240930,220000,27.32,27.48,27.285,27.43,476135,0
GEN.US,60,20241001,160000,27.37,27.44,27.1,27.16,68276,0
GEN.US,60,20241001,170000,27.16,27.21,27.04,27.06,122652,0
GEN.US,60,20241001,180000,27.065,27.1938,26.975,27.1,111217,0
GEN.US,60,20241001,190000,27.1,27.155,27.03,27.14,85239,0
GEN.US,60,20241001,200000,27.1301,27.185,27.055,27.18,117508,0
GEN.US,60,20241001,210000,27.19,27.3198,27.19,27.28,150051,0
GEN.US,60,20241001,220000,27.28,27.31,27.155,27.21,358219,0
GEN.US,60,20241002,160000,27.04,27.24,26.98,27.12,63572,0
GEN.US,60,20241002,170000,27.115,27.19,27.08,27.17,144324,0
GEN.US,60,20241002,180000,27.165,27.245,27.145,27.155,106852,0
GEN.US,60,20241002,190000,27.155,27.17,27.055,27.055,63339,0
GEN.US,60,20241002,200000,27.06,27.075,27.01,27.06,47030,0
GEN.US,60,20241002,210000,27.05,27.07,26.9645,26.9999,64837,0
GEN.US,60,20241002,220000,26.995,27.11,26.99,27,766141,0
GEN.US,60,20241003,160000,26.95,26.98,26.7501,26.81,48092,0
GEN.US,60,20241003,170000,26.84,26.95,26.825,26.87,49955,0
GEN.US,60,20241003,180000,26.865,26.92,26.815,26.815,632755,0
GEN.US,60,20241003,190000,26.82,26.96,26.77,26.845,134052,0
GEN.US,60,20241003,200000,26.84,26.875,26.8,26.825,56735,0
GEN.US,60,20241003,210000,26.825,26.885,26.81,26.87,71567,0
GEN.US,60,20241003,220000,26.87,26.98,26.8,26.98,894348,0
GEN.US,60,20241004,160000,27.07,27.24,27.07,27.125,41765,0
GEN.US,60,20241004,170000,27.155,27.205,26.98,27.075,80003,0
GEN.US,60,20241004,180000,27.08,27.1099,26.98,27.065,58149,0
GEN.US,60,20241004,190000,27.07,27.295,27.0498,27.295,213626,0
GEN.US,60,20241004,200000,27.295,27.32,27.185,27.205,72310,0
GEN.US,60,20241004,210000,27.21,27.34,27.2,27.339,89360,0
GEN.US,60,20241004,220000,27.33,27.49,27.32,27.49,822171,0
GEN.US,60,20241007,160000,27.46,27.55,27.38,27.46,130974,0
GEN.US,60,20241007,170000,27.47,27.59,27.42,27.425,158114,0
GEN.US,60,20241007,180000,27.42,27.505,27.4,27.425,79878,0
GEN.US,60,20241007,190000,27.425,27.45,27.39,27.425,64058,0
GEN.US,60,20241007,200000,27.425,27.485,27.405,27.425,98641,0
GEN.US,60,20241007,210000,27.42,27.425,27.2,27.205,111317,0
GEN.US,60,20241007,220000,27.205,27.36,27.2,27.29,850881,0
GEN.US,60,20241008,160000,27.3,27.43,27.3,27.325,48537,0
GEN.US,60,20241008,170000,27.325,27.4,27.245,27.375,85282,0
GEN.US,60,20241008,180000,27.375,27.505,27.35,27.435,126755,0
GEN.US,60,20241008,190000,27.435,27.44,27.38,27.38,21611,0
GEN.US,60,20241008,200000,27.385,27.385,27.315,27.35,40181,0
GEN.US,60,20241008,210000,27.355,27.385,27.29,27.29,84763,0
GEN.US,60,20241008,220000,27.29,27.445,27.285,27.41,752715,0
GEN.US,60,20241009,160000,27.46,27.57,27.4,27.52,92863,0
GEN.US,60,20241009,170000,27.525,27.6,27.49,27.555,87213,0
GEN.US,60,20241009,180000,27.555,27.79,27.555,27.745,98252,0
GEN.US,60,20241009,190000,27.745,27.76,27.66,27.685,80262,0
GEN.US,60,20241009,200000,27.68,27.71,27.63,27.65,129956,0
GEN.US,60,20241009,210000,27.645,27.65,27.595,27.6,124159,0
GEN.US,60,20241009,220000,27.6,27.66,27.57,27.59,1068200,0
GEN.US,60,20241010,160000,27.45,27.685,27.38,27.63,81616,0
GEN.US,60,20241010,170000,27.63,27.73,27.605,27.655,163327,0
GEN.US,60,20241010,180000,27.66,27.755,27.625,27.705,67645,0
GEN.US,60,20241010,190000,27.715,27.745,27.65,27.65,75899,0
GEN.US,60,20241010,200000,27.65,27.67,27.53,27.605,65745,0
GEN.US,60,20241010,210000,27.61,27.61,27.565,27.58,54277,0
GEN.US,60,20241010,220000,27.58,27.74,27.5603,27.7,1214487,0
GEN.US,60,20241011,160000,27.77,27.78,27.59,27.72,60994,0
GEN.US,60,20241011,170000,27.71,27.81,27.7,27.745,240595,0
GEN.US,60,20241011,180000,27.745,27.78,27.685,27.7,139125,0
GEN.US,60,20241011,190000,27.7,27.7,27.6101,27.64,54868,0
GEN.US,60,20241011,200000,27.64,27.69,27.63,27.655,71977,0
GEN.US,60,20241011,210000,27.65,27.71,27.615,27.71,108272,0
GEN.US,60,20241011,220000,27.7012,27.79,27.68,27.75,935471,0
GEN.US,60,20241014,160000,27.81,27.81,27.625,27.655,26624,0
GEN.US,60,20241014,170000,27.655,27.72,27.615,27.63,148895,0
GEN.US,60,20241014,180000,27.635,27.78,27.595,27.75,132002,0
GEN.US,60,20241014,190000,27.75,27.78,27.735,27.75,83965,0
GEN.US,60,20241014,200000,27.755,27.835,27.75,27.825,138158,0
GEN.US,60,20241014,210000,27.825,27.935,27.79,27.905,75284,0
GEN.US,60,20241014,220000,27.9,28.015,27.89,28.01,771942,0
GEN.US,60,20241015,160000,28.09,28.14,28.01,28.11,132010,0
GEN.US,60,20241015,170000,28.11,28.45,28.11,28.23,177992,0
GEN.US,60,20241015,180000,28.22,28.37,28.195,28.245,83825,0
GEN.US,60,20241015,190000,28.235,28.385,28.235,28.31,68575,0
GEN.US,60,20241015,200000,28.31,28.315,28.135,28.15,71553,0
GEN.US,60,20241015,210000,28.15,28.15,28.09,28.09,47948,0
GEN.US,60,20241015,220000,28.095,28.14,28.02,28.11,295095,0
GEN.US,60,20241016,160000,28.14,28.19,28.08,28.16,42649,0
GEN.US,60,20241016,170000,28.175,28.25,28.08,28.08,107779,0
GEN.US,60,20241016,180000,28.085,28.11,28.025,28.035,140276,0
GEN.US,60,20241016,190000,28.035,28.08,28.01,28.075,91464,0
GEN.US,60,20241016,200000,28.075,28.13,28.035,28.075,131511,0
GEN.US,60,20241016,210000,28.07,28.22,28.07,28.215,101998,0
GEN.US,60,20241016,220000,28.215,28.215,28.125,28.17,722151,0
GEN.US,60,20241017,160000,28.085,28.22,27.955,28.04,119137,0
GEN.US,60,20241017,170000,28.04,28.155,27.98,28.105,241320,0
GEN.US,60,20241017,180000,28.105,28.26,28.05,28.24,201235,0
GEN.US,60,20241017,190000,28.23,28.3,28.2,28.295,332166,0
GEN.US,60,20241017,200000,28.295,28.3,28.2,28.245,164235,0
GEN.US,60,20241017,210000,28.245,28.245,28.06,28.065,294796,0
GEN.US,60,20241017,220000,28.065,28.126,28.01,28.04,1422532,0
GEN.US,60,20241018,160000,28.11,28.135,27.645,27.66,256142,0
GEN.US,60,20241018,170000,27.655,27.75,27.595,27.62,156521,0
GEN.US,60,20241018,180000,27.62,27.625,27.42,27.425,114975,0
GEN.US,60,20241018,190000,27.426,27.48,27.425,27.43,173353,0
GEN.US,60,20241018,200000,27.43,27.44,27.28,27.29,231233,0
GEN.US,60,20241018,210000,27.29,27.345,27.255,27.275,143509,0
GEN.US,60,20241018,220000,27.27,27.27,27.1,27.2,1321216,0
GEN.US,60,20241021,160000,27.05,27.23,26.93,27.049,260943,0
GEN.US,60,20241021,170000,27.05,27.17,26.99,27,211893,0
GEN.US,60,20241021,180000,27,27,26.71,26.815,864792,0
GEN.US,60,20241021,190000,26.81,26.94,26.71,26.9057,800497,0
GEN.US,60,20241021,200000,26.9,26.91,26.84,26.885,110922,0
GEN.US,60,20241021,210000,26.89,26.89,26.79,26.795,109918,0
GEN.US,60,20241021,220000,26.8,26.83,26.74,26.8,1570055,0
GEN.US,60,20241022,160000,26.83,26.99,26.75,26.97,107285,0
GEN.US,60,20241022,170000,26.96,27.19,26.905,27.18,202652,0
GEN.US,60,20241022,180000,27.175,27.205,27.065,27.09,172661,0
GEN.US,60,20241022,190000,27.09,27.18,27.075,27.145,154489,0
GEN.US,60,20241022,200000,27.14,27.195,27.14,27.1609,114033,0
GEN.US,60,20241022,210000,27.165,27.26,27.14,27.2,233475,0
GEN.US,60,20241022,220000,27.195,27.25,27.09,27.11,953920,0
GEN.US,60,20241023,160000,27.05,27.1,26.92,26.99,39443,0
GEN.US,60,20241023,170000,26.98,27.07,26.94,26.955,90077,0
GEN.US,60,20241023,180000,26.954,27.045,26.93,27.045,81394,0
GEN.US,60,20241023,190000,27.045,27.05,26.955,26.9835,51532,0
GEN.US,60,20241023,200000,26.99,26.99,26.875,26.89,59857,0
GEN.US,60,20241023,210000,26.885,26.96,26.785,26.95,157663,0
GEN.US,60,20241023,220000,26.945,26.95,26.78,26.8,1100594,0
GEN.US,60,20241024,160000,27.13,27.54,26.99,27.515,302905,0
GEN.US,60,20241024,170000,27.505,27.58,27.15,27.155,305811,0
GEN.US,60,20241024,180000,27.155,27.2,27.01,27.01,174430,0
GEN.US,60,20241024,190000,27.01,27.03,26.9,26.951,293947,0
GEN.US,60,20241024,200000,26.955,27.01,26.915,26.935,166920,0
GEN.US,60,20241024,210000,26.935,27.045,26.92,26.975,275529,0
GEN.US,60,20241024,220000,26.97,27.13,26.9342,27.02,1247323,0
GEN.US,60,20241025,160000,27.15,27.21,27.02,27.09,73461,0
GEN.US,60,20241025,170000,27.12,27.22,27.019,27.05,254989,0
GEN.US,60,20241025,180000,27.05,27.079,26.965,27.05,174090,0
GEN.US,60,20241025,190000,27.045,27.06,26.965,26.97,124666,0
GEN.US,60,20241025,200000,26.97,26.99,26.86,26.9,91967,0
GEN.US,60,20241025,210000,26.9,27.035,26.875,27.015,99657,0
GEN.US,60,20241025,220000,27.015,27.04,26.94,26.97,628609,0
GEN.US,60,20241028,150000,26.83,27.23,26.83,27.165,219962,0
GEN.US,60,20241028,160000,27.16,27.27,27.02,27.19,122515,0
GEN.US,60,20241028,170000,27.185,27.21,27.125,27.125,103281,0
GEN.US,60,20241028,180000,27.125,27.145,27.09,27.105,83733,0
GEN.US,60,20241028,190000,27.1,27.135,27.075,27.12,83594,0
GEN.US,60,20241028,200000,27.11,27.115,27,27.005,139918,0
GEN.US,60,20241028,210000,27,27.07,26.99,27.03,960905,0
GEN.US,60,20241029,150000,27.03,27.16,26.96,27.09,93781,0
GEN.US,60,20241029,160000,27.08,27.1397,27.035,27.125,159197,0
GEN.US,60,20241029,170000,27.12,27.17,27.085,27.13,136912,0
GEN.US,60,20241029,180000,27.135,27.18,27.09,27.125,153989,0
GEN.US,60,20241029,190000,27.13,27.17,27.07,27.095,102336,0
GEN.US,60,20241029,200000,27.09,27.255,27.05,27.18,141403,0
GEN.US,60,20241029,210000,27.18,27.215,27.08,27.11,1183563,0
GEN.US,60,20241030,150000,26.94,27.31,26.92,27.3,75283,0
GEN.US,60,20241030,160000,27.3,27.38,27.19,27.225,132641,0
GEN.US,60,20241030,170000,27.225,27.32,27.189,27.285,159185,0
GEN.US,60,20241030,180000,27.285,27.31,27.125,27.145,203418,0
GEN.US,60,20241030,190000,27.14,27.2,27.09,27.105,205435,0
GEN.US,60,20241030,200000,27.1,27.13,27.02,27.08,297749,0
GEN.US,60,20241030,210000,27.085,27.085,26.87,26.92,787998,0
GEN.US,60,20241031,150000,27.96,29.77,27.83,29.53,629279,0
GEN.US,60,20241031,160000,29.53,29.99,29.38,29.975,1502849,0
GEN.US,60,20241031,170000,29.97,30.03,29.49,29.5,2029313,0
GEN.US,60,20241031,180000,29.51,29.525,29.04,29.095,359312,0
GEN.US,60,20241031,190000,29.09,29.835,28.88,29.83,516332,0
GEN.US,60,20241031,200000,29.835,29.935,29.52,29.56,313138,0
GEN.US,60,20241031,210000,29.555,29.59,28.995,29.11,2926888,0
GEN.US,60,20241101,150000,28.78,29.1875,28.55,28.76,339392,0
GEN.US,60,20241101,160000,28.75,28.99,28.65,28.96,380162,0
GEN.US,60,20241101,170000,28.96,29.135,28.88,28.88,244119,0
GEN.US,60,20241101,180000,28.885,28.915,28.74,28.785,184052,0
GEN.US,60,20241101,190000,28.79,28.87,28.575,28.6,190580,0
GEN.US,60,20241101,200000,28.6,28.64,28.395,28.465,224197,0
GEN.US,60,20241101,210000,28.465,28.475,28.115,28.27,1862784,0
GEN.US,60,20241104,160000,28.23,28.45,28.13,28.36,156178,0
GEN.US,60,20241104,170000,28.34,28.42,28.22,28.265,341293,0
GEN.US,60,20241104,180000,28.265,28.41,28.21,28.235,135302,0
GEN.US,60,20241104,190000,28.235,28.39,28.23,28.305,170956,0
GEN.US,60,20241104,200000,28.305,28.445,28.235,28.405,174608,0
GEN.US,60,20241104,210000,28.405,28.47,28.345,28.355,193306,0
GEN.US,60,20241104,220000,28.35,28.41,28.2001,28.225,995605,0
GEN.US,60,20241105,160000,28.2,28.47,28.13,28.325,120991,0
GEN.US,60,20241105,170000,28.3323,28.48,28.295,28.305,283756,0
GEN.US,60,20241105,180000,28.305,28.54,28.305,28.485,365658,0
GEN.US,60,20241105,190000,28.485,28.495,28.39,28.395,300799,0
GEN.US,60,20241105,200000,28.4,28.58,28.39,28.535,363527,0
GEN.US,60,20241105,210000,28.535,28.64,28.46,28.505,413305,0
GEN.US,60,20241105,220000,28.5,28.6,28.445,28.53,1349886,0
GEN.US,60,20241106,160000,29.115,29.3,28.97,29.175,268941,0
GEN.US,60,20241106,170000,29.175,29.34,28.985,29.115,939218,0
GEN.US,60,20241106,180000,29.12,29.295,29.055,29.085,407041,0
GEN.US,60,20241106,190000,29.08,29.08,28.865,28.95,348047,0
GEN.US,60,20241106,200000,28.955,29.005,28.885,28.995,273756,0
GEN.US,60,20241106,210000,28.995,29.005,28.9,28.9581,239281,0
GEN.US,60,20241106,220000,28.95,29.135,28.9,29.12,1477178,0
GEN.US,60,20241107,160000,29.21,29.33,29.09,29.1,112112,0
GEN.US,60,20241107,170000,29.1,29.21,29.1,29.165,182288,0
GEN.US,60,20241107,180000,29.165,29.18,29.02,29.12,156787,0
GEN.US,60,20241107,190000,29.115,29.255,29.1008,29.245,179761,0
GEN.US,60,20241107,200000,29.245,29.26,29.09,29.225,280878,0
GEN.US,60,20241107,210000,29.225,29.47,29.2,29.41,355614,0
GEN.US,60,20241107,220000,29.4,29.585,29.375,29.55,2283960,0
GEN.US,60,20241108,160000,29.69,29.89,29.6,29.79,113649,0
GEN.US,60,20241108,170000,29.79,29.82,29.64,29.755,206382,0
GEN.US,60,20241108,180000,29.765,29.81,29.625,29.625,215648,0
GEN.US,60,20241108,190000,29.625,29.755,29.605,29.755,80605,0
GEN.US,60,20241108,200000,29.755,29.76,29.56,29.585,135937,0
GEN.US,60,20241108,210000,29.585,29.67,29.57,29.61,102763,0
GEN.US,60,20241108,220000,29.61,29.63,29.465,29.525,495070,0
GEN.US,60,20241111,160000,29.69,30.04,29.64,30.02,191375,0
GEN.US,60,20241111,170000,30,30.14,29.89,30.135,159443,0
GEN.US,60,20241111,180000,30.135,30.26,30.07,30.245,142256,0
GEN.US,60,20241111,190000,30.245,30.245,30.125,30.215,101152,0
GEN.US,60,20241111,200000,30.21,30.455,30.19,30.365,303474,0
GEN.US,60,20241111,210000,30.35,30.55,30.31,30.495,354965,0
GEN.US,60,20241111,220000,30.495,30.54,30.34,30.37,1575106,0
GEN.US,60,20241112,160000,30.06,30.5,30.01,30.43,164297,0
GEN.US,60,20241112,170000,30.41,30.515,30.29,30.315,192393,0
GEN.US,60,20241112,180000,30.32,30.395,30.27,30.355,268992,0
GEN.US,60,20241112,190000,30.36,30.45,30.34,30.3693,106518,0
GEN.US,60,20241112,200000,30.365,30.445,30.28,30.445,106694,0
GEN.US,60,20241112,210000,30.44,30.54,30.415,30.415,138115,0
GEN.US,60,20241112,220000,30.415,30.555,30.39,30.54,551400,0
GEN.US,60,20241113,160000,30.62,30.77,30.53,30.73,113972,0
GEN.US,60,20241113,170000,30.735,30.79,30.52,30.775,312114,0
GEN.US,60,20241113,180000,30.775,30.885,30.72,30.81,219597,0
GEN.US,60,20241113,190000,30.81,30.82,30.625,30.63,127017,0
GEN.US,60,20241113,200000,30.635,30.66,30.59,30.625,119127,0
GEN.US,60,20241113,210000,30.62,30.685,30.54,30.545,131840,0
GEN.US,60,20241113,220000,30.545,30.56,30.455,30.52,338809,0
GEN.US,60,20241114,160000,30.46,30.55,30.165,30.36,75961,0
GEN.US,60,20241114,170000,30.355,30.355,30.23,30.23,80686,0
GEN.US,60,20241114,180000,30.24,30.4,30.205,30.37,140035,0
GEN.US,60,20241114,190000,30.375,30.385,30.255,30.345,85922,0
GEN.US,60,20241114,200000,30.34,30.36,30.16,30.16,132487,0
GEN.US,60,20241114,210000,30.16,30.25,30.14,30.245,98802,0
GEN.US,60,20241114,220000,30.24,30.245,29.99,30.04,862067,0
GEN.US,60,20241115,160000,29.99,30.05,29.77,29.8,59504,0
GEN.US,60,20241115,170000,29.79,29.795,29.485,29.62,191092,0
GEN.US,60,20241115,180000,29.605,29.725,29.595,29.67,111079,0
GEN.US,60,20241115,190000,29.665,29.68,29.5925,29.645,110996,0
GEN.US,60,20241115,200000,29.64,29.685,29.6,29.63,105895,0
GEN.US,60,20241115,210000,29.625,29.63,29.495,29.545,117583,0
GEN.US,60,20241115,220000,29.545,29.625,29.48,29.58,915231,0
GEN.US,60,20241118,160000,29.59,29.74,29.26,29.28,111861,0
GEN.US,60,20241118,170000,29.27,29.34,29.1448,29.2699,137051,0
GEN.US,60,20241118,180000,29.265,29.29,29.16,29.17,94427,0
GEN.US,60,20241118,190000,29.175,29.215,29.065,29.215,103607,0
GEN.US,60,20241118,200000,29.215,29.225,29.11,29.225,95750,0
GEN.US,60,20241118,210000,29.225,29.25,29.14,29.145,79013,0
GEN.US,60,20241118,220000,29.145,29.29,29.115,29.28,836754,0
GEN.US,60,20241119,160000,29.07,29.16,28.95,29.06,82117,0
GEN.US,60,20241119,170000,29.045,29.09,28.89,29.005,185838,0
GEN.US,60,20241119,180000,29,29.235,28.98,29.205,134376,0
GEN.US,60,20241119,190000,29.2,29.27,29.19,29.19,92463,0
GEN.US,60,20241119,200000,29.19,29.315,29.155,29.31,112796,0
GEN.US,60,20241119,210000,29.315,29.315,29.18,29.205,100197,0
GEN.US,60,20241119,220000,29.205,29.275,29.18,29.24,1059042,0
GEN.US,60,20241120,160000,29.21,29.26,28.9,29.11,77538,0
GEN.US,60,20241120,170000,29.12,29.16,29,29.15,141799,0
GEN.US,60,20241120,180000,29.155,29.2,29.085,29.17,89169,0
GEN.US,60,20241120,190000,29.175,29.33,29.11,29.27,96028,0
GEN.US,60,20241120,200000,29.265,29.32,29.24,29.295,95346,0
GEN.US,60,20241120,210000,29.295,29.385,29.23,29.375,106476,0
GEN.US,60,20241120,220000,29.375,29.545,29.33,29.44,824677,0
GEN.US,60,20241121,160000,29.54,29.74,29.37,29.52,121053,0
GEN.US,60,20241121,170000,29.525,29.81,29.5,29.8,134745,0
GEN.US,60,20241121,180000,29.81,29.955,29.795,29.95,112432,0
GEN.US,60,20241121,190000,29.94,30.04,29.925,30,137550,0
GEN.US,60,20241121,200000,30,30.04,29.905,29.905,134262,0
GEN.US,60,20241121,210000,29.905,29.94,29.875,29.925,100873,0
GEN.US,60,20241121,220000,29.925,29.93,29.79,29.81,905397,0
GEN.US,60,20241122,160000,29.96,30.19,29.89,30.155,79882,0
GEN.US,60,20241122,170000,30.15,30.17,29.925,30.085,114224,0
GEN.US,60,20241122,180000,30.08,30.175,30.03,30.155,104709,0
GEN.US,60,20241122,190000,30.155,30.205,30.135,30.195,100417,0
GEN.US,60,20241122,200000,30.195,30.215,30.155,30.175,102587,0
GEN.US,60,20241122,210000,30.17,30.23,30.145,30.225,109409,0
GEN.US,60,20241122,220000,30.225,30.31,30.1725,30.19,1184056,0
GEN.US,60,20241125,160000,30.5,30.59,30.38,30.52,57739,0
GEN.US,60,20241125,170000,30.53,30.76,30.435,30.76,141556,0
GEN.US,60,20241125,180000,30.755,30.79,30.6012,30.6012,114413,0
GEN.US,60,20241125,190000,30.609,30.705,30.54,30.545,238196,0
GEN.US,60,20241125,200000,30.545,30.6,30.545,30.58,60899,0
GEN.US,60,20241125,210000,30.575,30.5799,30.52,30.565,163428,0
GEN.US,60,20241125,220000,30.56,30.65,30.5,30.62,3678380,0
GEN.US,60,20241126,160000,30.63,30.71,30.51,30.57,112215,0
GEN.US,60,20241126,170000,30.57,30.735,30.485,30.71,237218,0
GEN.US,60,20241126,180000,30.715,30.745,30.665,30.695,189362,0
GEN.US,60,20241126,190000,30.695,30.78,30.665,30.7774,115880,0
GEN.US,60,20241126,200000,30.775,30.82,30.725,30.755,293877,0
GEN.US,60,20241126,210000,30.75,30.79,30.665,30.775,131302,0
GEN.US,60,20241126,220000,30.775,30.94,30.765,30.9,1069638,0
GEN.US,60,20241127,160000,31,31.13,30.81,30.84,87265,0
GEN.US,60,20241127,170000,30.83,30.85,30.59,30.675,142948,0
GEN.US,60,20241127,180000,30.68,30.82,30.632048,30.755,187392,0
GEN.US,60,20241127,190000,30.7503,30.755,30.665,30.685,112856,0
GEN.US,60,20241127,200000,30.69,30.74,30.675,30.715,69497,0
GEN.US,60,20241127,210000,30.71,30.825,30.69,30.815,106529,0
GEN.US,60,20241127,220000,30.8125,30.86,30.755,30.809,1228581,0
GEN.US,60,20241129,160000,30.99,31.2,30.9,31.07,115428,0
GEN.US,60,20241129,170000,31.06,31.11,30.815,30.915,161024,0
GEN.US,60,20241129,180000,30.919,30.929,30.845,30.865,122543,0
GEN.US,60,20241129,190000,30.865,31.07,30.835,30.86,448276,0
GEN.US,60,20241129,200000,30.865,30.87,30.85,30.85,587362,0
GEN.US,60,20241202,160000,30.82,30.82,30.555,30.73,106690,0
GEN.US,60,20241202,170000,30.73,30.965,30.73,30.87,126322,0
GEN.US,60,20241202,180000,30.8699,31.02,30.855,30.985,144998,0
GEN.US,60,20241202,190000,30.99,31.04,30.945,30.98,126151,0
GEN.US,60,20241202,200000,30.985,31.045,30.94,31.035,153114,0
GEN.US,60,20241202,210000,31.035,31.04,30.95,30.95,221667,0
GEN.US,60,20241202,220000,30.95,30.979,30.825,30.93,1446207,0
GEN.US,60,20241203,160000,30.9,31.035,30.8,30.96,127180,0
GEN.US,60,20241203,170000,30.965,31.015,30.77,30.775,131721,0
GEN.US,60,20241203,180000,30.78,30.8,30.735,30.785,112360,0
GEN.US,60,20241203,190000,30.78,30.85,30.76,30.835,87675,0
GEN.US,60,20241203,200000,30.831,30.85,30.795,30.845,142129,0
GEN.US,60,20241203,210000,30.845,30.96,30.815,30.93,228266,0
GEN.US,60,20241203,220000,30.925,30.965,30.775,30.84,1046065,0
GEN.US,60,20241204,160000,31.11,31.31,31.03,31.29,109944,0
GEN.US,60,20241204,170000,31.285,31.465,31.195,31.415,201798,0
GEN.US,60,20241204,180000,31.415,31.58,31.405,31.51,149396,0
GEN.US,60,20241204,190000,31.51,31.65,31.485,31.635,141143,0
GEN.US,60,20241204,200000,31.635,31.635,31.51,31.585,93538,0
GEN.US,60,20241204,210000,31.585,31.63,31.53,31.595,78246,0
GEN.US,60,20241204,220000,31.59,31.72,31.54,31.7,1226401,0
GEN.US,60,20241205,160000,31.48,31.56,31.13,31.51,124583,0
GEN.US,60,20241205,170000,31.51,31.515,31.33,31.375,136928,0
GEN.US,60,20241205,180000,31.372128,31.385,31.22,31.31,122887,0
GEN.US,60,20241205,190000,31.3,31.445,31.23,31.345,294902,0
GEN.US,60,20241205,200000,31.3404,31.345,31.225,31.27,77999,0
GEN.US,60,20241205,210000,31.26,31.275,31.2,31.235,78749,0
GEN.US,60,20241205,220000,31.235,31.295,31.18,31.25,955650,0
GEN.US,60,20241206,160000,31.3,31.38,31.075,31.16,58155,0
GEN.US,60,20241206,170000,31.16,31.16,30.96,31.105,191478,0
GEN.US,60,20241206,180000,31.105,31.145,31.055,31.095,100585,0
GEN.US,60,20241206,190000,31.095,31.095,31.015,31.035,112137,0
GEN.US,60,20241206,200000,31.03,31.1,31.01,31.09,96705,0
GEN.US,60,20241206,210000,31.095,31.105,30.99,31.06,83848,0
GEN.US,60,20241206,220000,31.065,31.215,31.05,31.15,1124655,0
GEN.US,60,20241209,160000,31.14,31.29,31.005,31.08,150895,0
GEN.US,60,20241209,170000,31.08,31.085,30.595,30.64,203081,0
GEN.US,60,20241209,180000,30.64,30.665,30.47,30.54,210986,0
GEN.US,60,20241209,190000,30.54,30.585,30.49,30.5,106848,0
GEN.US,60,20241209,200000,30.49,30.63,30.445,30.575,96872,0
GEN.US,60,20241209,210000,30.57,30.595,30.445,30.5,153075,0
GEN.US,60,20241209,220000,30.505,30.52,30.405,30.48,934975,0
GEN.US,60,20241210,160000,31.13,31.26,29.501,29.715,330030,0
GEN.US,60,20241210,170000,29.73,29.75,29.255,29.49,664430,0
GEN.US,60,20241210,180000,29.485,29.71,29.4,29.68,804189,0
GEN.US,60,20241210,190000,29.675,30.065,29.66,29.825,577836,0
GEN.US,60,20241210,200000,29.825,29.865,29.78,29.835,138885,0
GEN.US,60,20241210,210000,29.835,29.85,29.64,29.83,308614,0
GEN.US,60,20241210,220000,29.82,29.83,29.6,29.82,1247615,0
GEN.US,60,20241211,160000,30.04,30.04,29.55,29.645,132882,0
GEN.US,60,20241211,170000,29.64,29.79,29.545,29.785,173539,0
GEN.US,60,20241211,180000,29.78,29.875,29.67,29.85,278509,0
GEN.US,60,20241211,190000,29.845,29.92,29.765,29.795,145454,0
GEN.US,60,20241211,200000,29.8,29.855,29.79,29.825,113594,0
GEN.US,60,20241211,210000,29.825,29.97,29.815,29.955,138326,0
GEN.US,60,20241211,220000,29.955,30.065,29.835,29.92,1620920,0
GEN.US,60,20241212,160000,29.72,30.05,29.6,29.87,156494,0
GEN.US,60,20241212,170000,29.87,30.12,29.81,29.995,417347,0
GEN.US,60,20241212,180000,29.99,30.13,29.99,30.01,254895,0
GEN.US,60,20241212,190000,30,30.07,29.975,30.07,160433,0
GEN.US,60,20241212,200000,30.07,30.14,29.99,30.08,226022,0
GEN.US,60,20241212,210000,30.08,30.15,30,30.035,195127,0
GEN.US,60,20241212,220000,30.03,30.205,29.99,30.02,1105566,0
GEN.US,60,20241213,160000,29.955,30.1,29.79,29.8,76074,0
GEN.US,60,20241213,170000,29.8,29.97,29.76,29.865,172325,0
GEN.US,60,20241213,180000,29.865,30.02,29.865,29.955,143619,0
GEN.US,60,20241213,190000,29.955,29.955,29.85,29.91,105263,0
GEN.US,60,20241213,200000,29.91,29.955,29.82,29.825,106249,0
GEN.US,60,20241213,210000,29.825,29.84,29.705,29.74,220341,0
GEN.US,60,20241213,220000,29.735,29.88,29.695,29.86,1430783,0
GEN.US,60,20241216,160000,29.72,29.75,29.555,29.625,144470,0
GEN.US,60,20241216,170000,29.63,29.98,29.615,29.79,317435,0
GEN.US,60,20241216,180000,29.79,29.79,29.465,29.54,195200,0
GEN.US,60,20241216,190000,29.545,29.545,29.44,29.46,148931,0
GEN.US,60,20241216,200000,29.46,29.665,29.44,29.645,181070,0
GEN.US,60,20241216,210000,29.645,29.78,29.645,29.765,201581,0
GEN.US,60,20241216,220000,29.76,29.8,29.645,29.73,1584572,0
GEN.US,60,20241217,160000,29.62,29.8084,29.53,29.77,88973,0
GEN.US,60,20241217,170000,29.77,29.77,29.48,29.65,265103,0
GEN.US,60,20241217,180000,29.65,29.705,29.605,29.635,206857,0
GEN.US,60,20241217,190000,29.635,29.655,29.51,29.515,175382,0
GEN.US,60,20241217,200000,29.51,29.535,29.47,29.53,205697,0
GEN.US,60,20241217,210000,29.52,29.56,29.4,29.415,196935,0
GEN.US,60,20241217,220000,29.415,29.45,29.305,29.38,1433253,0
GEN.US,60,20241218,160000,29.5,29.5,29.18,29.205,99114,0
GEN.US,60,20241218,170000,29.205,29.23,29.13,29.16,148140,0
GEN.US,60,20241218,180000,29.14,29.15,28.95,29.015,226957,0
GEN.US,60,20241218,190000,29.02,29.025,28.86,28.895,141852,0
GEN.US,60,20241218,200000,28.895,28.92,28.825,28.87,208176,0
GEN.US,60,20241218,210000,28.865,28.865,28.295,28.32,492066,0
GEN.US,60,20241218,220000,28.31,28.35,27.71,27.71,928196,0
GEN.US,60,20241219,160000,27.9,28.06,27.71,27.76,134153,0
GEN.US,60,20241219,170000,27.765,27.875,27.605,27.75,215235,0
GEN.US,60,20241219,180000,27.75,27.805,27.615,27.655,125312,0
GEN.US,60,20241219,190000,27.66,27.71,27.52,27.615,167836,0
GEN.US,60,20241219,200000,27.615,27.71,27.53,27.705,129073,0
GEN.US,60,20241219,210000,27.705,27.705,27.55,27.55,135219,0
GEN.US,60,20241219,220000,27.555,27.5999,27.42,27.45,1932750,0
GEN.US,60,20241220,160000,27.4,27.715,27.2656,27.695,522076,0
GEN.US,60,20241220,170000,27.68,27.955,27.665,27.85,179426,0
GEN.US,60,20241220,180000,27.845,28.12,27.83,28.1,153497,0
GEN.US,60,20241220,190000,28.09,28.14,27.995,28.075,168122,0
GEN.US,60,20241220,200000,28.07,28.075,27.82,27.825,218166,0
GEN.US,60,20241220,210000,27.82,27.965,27.82,27.865,283108,0
GEN.US,60,20241220,220000,27.865,27.94,27.77,27.85,895092,0
GEN.US,60,20241223,160000,27.76,27.93,27.59,27.69,67936,0
GEN.US,60,20241223,170000,27.7,27.73,27.59,27.605,108891,0
GEN.US,60,20241223,180000,27.605,27.73,27.605,27.73,126679,0
GEN.US,60,20241223,190000,27.74,27.825,27.74,27.765,87356,0
GEN.US,60,20241223,200000,27.76,27.805,27.7,27.765,111948,0
GEN.US,60,20241223,210000,27.765,27.82,27.72,27.72,187594,0
GEN.US,60,20241223,220000,27.72,27.755,27.63,27.69,1642638,0
GEN.US,60,20241224,160000,27.77,27.835,27.69,27.73,46792,0
GEN.US,60,20241224,170000,27.735,27.835,27.73,27.77,121293,0
GEN.US,60,20241224,180000,27.77,27.79,27.72,27.785,73439,0
GEN.US,60,20241224,190000,27.78,27.885,27.765,27.83,238182,0
GEN.US,60,20241224,200000,27.83,27.85,27.83,27.85,412818,0
GEN.US,60,20241226,160000,27.71,27.81,27.675,27.74,40344,0
GEN.US,60,20241226,170000,27.73,27.805,27.675,27.785,91227,0
GEN.US,60,20241226,180000,27.78,27.88,27.775,27.875,65833,0
GEN.US,60,20241226,190000,27.875,27.89,27.83,27.855,91657,0
GEN.US,60,20241226,200000,27.8525,27.87,27.785,27.84,69936,0
GEN.US,60,20241226,210000,27.835,27.88,27.81,27.875,81396,0
GEN.US,60,20241226,220000,27.875,27.915,27.845,27.86,680292,0
GEN.US,60,20241227,160000,27.65,27.88,27.62,27.77,91838,0
GEN.US,60,20241227,170000,27.77,27.79,27.48,27.56,101000,0
GEN.US,60,20241227,180000,27.56,27.59,27.415,27.44,49530,0
GEN.US,60,20241227,190000,27.435,27.51,27.41,27.495,68493,0
GEN.US,60,20241227,200000,27.5,27.57,27.45,27.56,42438,0
GEN.US,60,20241227,210000,27.57,27.655,27.555,27.645,64443,0
GEN.US,60,20241227,220000,27.64,27.685,27.55,27.65,1041625,0
GEN.US,60,20241230,160000,27.46,27.46,27.04,27.05,98625,0
GEN.US,60,20241230,170000,27.05,27.27,27.035,27.27,145040,0
GEN.US,60,20241230,180000,27.27,27.425,27.24,27.405,60644,0
GEN.US,60,20241230,190000,27.405,27.515,27.39,27.48,69588,0
GEN.US,60,20241230,200000,27.48,27.525,27.44,27.485,93455,0
GEN.US,60,20241230,210000,27.485,27.5,27.42,27.475,85222,0
GEN.US,60,20241230,220000,27.47,27.5,27.36,27.38,800628,0
GEN.US,60,20241231,160000,27.46,27.55,27.38,27.48,57431,0
GEN.US,60,20241231,170000,27.49,27.555,27.43,27.48,102770,0
GEN.US,60,20241231,180000,27.485,27.485,27.37,27.37,65393,0
GEN.US,60,20241231,190000,27.37,27.42,27.28,27.415,89977,0
GEN.US,60,20241231,200000,27.41,27.425,27.2701,27.31,65109,0
GEN.US,60,20241231,210000,27.31,27.37,27.26,27.354,73646,0
GEN.US,60,20241231,220000,27.35,27.405,27.3,27.38,835727,0
GEN.US,60,20250102,160000,27.7,27.7,27.5,27.628368,79837,0
GEN.US,60,20250102,170000,27.64,27.78,27.61,27.65,155199,0
GEN.US,60,20250102,180000,27.66,27.725,27.57,27.685,73641,0
GEN.US,60,20250102,190000,27.685,27.695,27.395,27.505,211998,0
GEN.US,60,20250102,200000,27.505,27.505,27.37,27.4181,100959,0
GEN.US,60,20250102,210000,27.42,27.485,27.36,27.385,132582,0
GEN.US,60,20250102,220000,27.385,27.51,27.385,27.48,771095,0
GEN.US,60,20250103,160000,27.56,27.6,27.17,27.22,49869,0
GEN.US,60,20250103,170000,27.225,27.43,27.21,27.345,115107,0
GEN.US,60,20250103,180000,27.34,27.43,27.261,27.371,97392,0
GEN.US,60,20250103,190000,27.375,27.45,27.375,27.4,54031,0
GEN.US,60,20250103,200000,27.4,27.49,27.38,27.45,78100,0
GEN.US,60,20250103,210000,27.445,27.51,27.42,27.48,100850,0
GEN.US,60,20250103,220000,27.48,27.51,27.37,27.5,1218243,0
GEN.US,60,20250106,160000,27.58,27.945,27.51,27.905,98942,0
GEN.US,60,20250106,170000,27.905,27.96,27.8,27.875,232905,0
GEN.US,60,20250106,180000,27.88,27.91,27.7,27.73,99672,0
GEN.US,60,20250106,190000,27.73,27.8,27.605,27.635,114045,0
GEN.US,60,20250106,200000,27.63,27.655,27.52,27.58,106047,0
GEN.US,60,20250106,210000,27.575,27.605,27.5,27.525,124701,0
GEN.US,60,20250106,220000,27.52,27.56,27.4,27.43,931672,0
GEN.US,60,20250107,160000,27.4,27.51,26.93,27.07,140799,0
GEN.US,60,20250107,170000,27.04,27.06,26.855,27.01,143865,0
GEN.US,60,20250107,180000,27.02,27.03,26.89,26.905,94314,0
GEN.US,60,20250107,190000,26.905,27.01,26.905,26.98,92081,0
GEN.US,60,20250107,200000,26.975,27.025,26.975,26.99,90059,0
GEN.US,60,20250107,210000,26.99,27.055,26.9,26.925,169682,0
GEN.US,60,20250107,220000,26.925,27.01,26.8641,26.98,1097754,0
GEN.US,60,20250108,160000,26.96,27.03,26.71,26.73,87789,0
GEN.US,60,20250108,170000,26.73,26.865,26.665,26.83,200354,0
GEN.US,60,20250108,180000,26.835,26.94,26.8106,26.855,107864,0
GEN.US,60,20250108,190000,26.86,26.865,26.755,26.845,203139,0
GEN.US,60,20250108,200000,26.86,26.97,26.86,26.8917,112724,0
GEN.US,60,20250108,210000,26.89,27.015,26.88,26.99,138209,0
GEN.US,60,20250108,220000,27,27.13,26.975,27.11,1841669,0
GEN.US,60,20250110,160000,26.83,27.04,26.75,26.82,109734,0
GEN.US,60,20250110,170000,26.815,26.87,26.68,26.76,160422,0
GEN.US,60,20250110,180000,26.765,26.82,26.71,26.71,101246,0
GEN.US,60,20250110,190000,26.715,26.825,26.69,26.795,183566,0
GEN.US,60,20250110,200000,26.79,26.925,26.75,26.915,180552,0
GEN.US,60,20250110,210000,26.915,26.955,26.88,26.915,183799,0
GEN.US,60,20250110,220000,26.915,26.945,26.82,26.9,1432279,0
GEN.US,60,20250113,160000,26.77,26.86,26.545,26.8,151786,0
GEN.US,60,20250113,170000,26.8,26.88,26.67,26.805,181009,0
GEN.US,60,20250113,180000,26.81,26.82,26.67,26.67,103840,0
GEN.US,60,20250113,190000,26.67,26.78,26.665,26.77,67431,0
GEN.US,60,20250113,200000,26.765,26.825,26.73,26.78,79248,0
GEN.US,60,20250113,210000,26.78,26.89,26.77,26.855,122574,0
GEN.US,60,20250113,220000,26.855,26.905,26.83,26.85,952564,0
GEN.US,60,20250114,160000,27.03,27.13,26.945,26.955,142645,0
GEN.US,60,20250114,170000,26.96,27.145,26.95,26.965,194218,0
GEN.US,60,20250114,180000,26.97,27.075,26.925,26.975,251550,0
GEN.US,60,20250114,190000,26.97,27.08,26.945,26.975,334119,0
GEN.US,60,20250114,200000,26.985,27.1693,26.98,27.145,183232,0
GEN.US,60,20250114,210000,27.14,27.16,27.03,27.035,138552,0
GEN.US,60,20250114,220000,27.04,27.18,26.97,27.14,1165496,0
GEN.US,60,20250115,160000,27.54,27.6,27.3625,27.365,133730,0
GEN.US,60,20250115,170000,27.365,27.465,27.22,27.235,193954,0
GEN.US,60,20250115,180000,27.24,27.44,27.2,27.44,285033,0
GEN.US,60,20250115,190000,27.44,27.495,27.39,27.405,168748,0
GEN.US,60,20250115,200000,27.405,27.56,27.405,27.545,142877,0
GEN.US,60,20250115,210000,27.545,27.64,27.54,27.615,195621,0
GEN.US,60,20250115,220000,27.615,27.675,27.52,27.57,1199013,0
GEN.US,60,20250116,160000,27.69,27.69,27.4,27.425,51977,0
GEN.US,60,20250116,170000,27.425,27.48,27.235,27.385,165613,0
GEN.US,60,20250116,180000,27.39,27.535,27.34,27.535,156169,0
GEN.US,60,20250116,190000,27.535,27.535,27.4,27.425,73771,0
GEN.US,60,20250116,200000,27.425,27.46,27.265,27.28,125332,0
GEN.US,60,20250116,210000,27.28,27.335,27.255,27.325,75036,0
GEN.US,60,20250116,220000,27.325,27.405,27.285,27.32,741353,0
GEN.US,60,20250117,160000,27.68,27.71,27.43,27.5,384438,0
GEN.US,60,20250117,170000,27.49,27.53,27.41,27.495,140921,0
GEN.US,60,20250117,180000,27.5,27.525,27.435,27.51,157646,0
GEN.US,60,20250117,190000,27.505,27.55,27.485,27.525,117994,0
GEN.US,60,20250117,200000,27.525,27.535,27.455,27.495,98012,0
GEN.US,60,20250117,210000,27.495,27.51,27.4446,27.46,129432,0
GEN.US,60,20250117,220000,27.46,27.58,27.44,27.52,1219623,0
GEN.US,60,20250121,160000,27.55,27.75,27.52,27.62,115893,0
GEN.US,60,20250121,170000,27.63,27.635,27.52,27.555,115995,0
GEN.US,60,20250121,180000,27.555,27.665,27.51,27.625,75869,0
GEN.US,60,20250121,190000,27.62,27.63,27.515,27.56,119432,0
GEN.US,60,20250121,200000,27.565,27.565,27.46,27.465,77645,0
GEN.US,60,20250121,210000,27.465,27.48,27.42,27.4645,99432,0
GEN.US,60,20250121,220000,27.46,27.46,27.29,27.309,1248877,0
GEN.US,60,20250122,160000,27.22,27.39,26.991,27.01,55129,0
GEN.US,60,20250122,170000,27.01,27.205,26.9609,27.165,210319,0
GEN.US,60,20250122,180000,27.165,27.265,27.16,27.195,175302,0
GEN.US,60,20250122,190000,27.195,27.23,27.16,27.225,97929,0
GEN.US,60,20250122,200000,27.225,27.3799,27.215,27.34,143382,0
GEN.US,60,20250122,210000,27.34,27.48,27.33,27.445,184113,0
GEN.US,60,20250122,220000,27.44,27.52,27.43,27.48,1485615,0
GEN.US,60,20250123,160000,27.34,27.661,27.34,27.63,117798,0
GEN.US,60,20250123,170000,27.625,27.63,27.35,27.475,242761,0
GEN.US,60,20250123,180000,27.48,27.58,27.48,27.49,263464,0
GEN.US,60,20250123,190000,27.4808,27.535,27.42,27.425,123532,0
GEN.US,60,20250123,200000,27.425,27.46,27.37,27.395,100282,0
GEN.US,60,20250123,210000,27.39,27.435,27.36,27.37,229442,0
GEN.US,60,20250123,220000,27.365,27.495,27.3,27.49,1080726,0
GEN.US,60,20250124,160000,27.425,27.615,27.3,27.615,42205,0
GEN.US,60,20250124,170000,27.615,27.69,27.55,27.685,88908,0
GEN.US,60,20250124,180000,27.68,27.74,27.595,27.695,370058,0
GEN.US,60,20250124,190000,27.69,27.74,27.64,27.64,65885,0
GEN.US,60,20250124,200000,27.64,27.67,27.59,27.625,66914,0
GEN.US,60,20250124,210000,27.6256,27.6299,27.48,27.48,63949,0
GEN.US,60,20250124,220000,27.485,27.53,27.42,27.44,702815,0
GEN.US,60,20250127,160000,27.32,27.6299,27.26,27.59,80663,0
GEN.US,60,20250127,170000,27.6,27.655,27.44,27.54,189571,0
GEN.US,60,20250127,180000,27.535,27.58,27.44,27.53,134064,0
GEN.US,60,20250127,190000,27.53,27.57,27.445,27.465,103660,0
GEN.US,60,20250127,200000,27.47,27.475,27.325,27.34,103042,0
GEN.US,60,20250127,210000,27.34,27.38,27.265,27.265,107147,0
GEN.US,60,20250127,220000,27.265,27.5,27.23,27.49,840145,0
GEN.US,60,20250128,160000,27.56,27.66,27.49,27.608,104344,0
GEN.US,60,20250128,170000,27.61,28.07,27.61,28.045,309431,0
GEN.US,60,20250128,180000,28.05,28.06,27.76,27.765,183332,0
GEN.US,60,20250128,190000,27.765,27.82,27.73,27.755,131947,0
GEN.US,60,20250128,200000,27.76,27.779,27.641,27.645,112561,0
GEN.US,60,20250128,210000,27.645,27.725,27.575,27.695,119212,0
GEN.US,60,20250128,220000,27.69,27.84,27.645,27.8,1214849,0
