Date	Open	High	Low	Close 	Adj Close 	Volume
Jan 29, 2025	24.71	24.98	24.20	24.23	24.23	32,677,122
Jan 28, 2025	24.06	24.58	23.92	24.40	24.40	55,731,400
Jan 27, 2025	23.50	24.37	23.35	24.14	24.14	92,445,200
Jan 24, 2025	22.55	22.79	22.54	22.72	22.72	44,409,200
Jan 23, 2025	22.34	22.66	22.22	22.53	22.53	32,125,200
Jan 22, 2025	22.38	22.48	22.02	22.32	22.32	31,676,400
Jan 21, 2025	22.21	22.54	22.21	22.49	22.49	36,777,600
Jan 17, 2025	22.09	22.37	21.98	22.29	22.29	33,638,000
Jan 16, 2025	22.00	22.13	21.84	22.02	22.02	25,639,600
Jan 15, 2025	21.98	22.09	21.88	21.91	21.91	50,559,900
Jan 14, 2025	21.52	21.82	21.38	21.80	21.80	25,627,300
Jan 13, 2025	21.63	21.68	21.40	21.56	21.56	37,865,600
Jan 10, 2025	0.28 Dividend
Jan 10, 2025	21.88	22.04	21.49	21.69	21.69	41,572,400
Jan 8, 2025	22.13	22.25	21.66	22.18	21.90	35,517,800
Jan 7, 2025	22.54	22.65	22.16	22.20	21.92	37,143,500
Jan 6, 2025	22.76	22.77	22.53	22.60	22.32	34,416,000
Jan 3, 2025	22.90	22.96	22.65	22.67	22.39	26,874,900
Jan 2, 2025	22.83	23.17	22.80	22.83	22.54	27,108,200
Dec 31, 2024	22.62	22.85	22.60	22.77	22.48	22,342,800
Dec 30, 2024	22.78	22.78	22.44	22.61	22.33	25,420,000
Dec 27, 2024	22.88	23.07	22.82	22.86	22.57	18,547,500
Dec 26, 2024	22.93	23.15	22.88	22.96	22.67	16,440,500
Dec 24, 2024	22.84	22.99	22.76	22.95	22.66	9,605,900
Dec 23, 2024	22.67	22.87	22.59	22.84	22.55	24,655,600
Dec 20, 2024	22.59	22.75	22.52	22.75	22.46	93,984,000
Dec 19, 2024	22.51	22.68	22.41	22.57	22.29	43,160,800
Dec 18, 2024	22.80	22.99	22.46	22.48	22.20	38,897,400
Dec 17, 2024	22.80	22.98	22.67	22.83	22.54	39,844,700
Dec 16, 2024	23.71	23.81	22.61	22.84	22.55	48,018,100
Dec 13, 2024	23.37	23.67	23.26	23.63	23.33	33,693,900
Dec 12, 2024	23.58	23.74	23.36	23.36	23.07	22,015,000
Dec 11, 2024	23.43	23.54	23.14	23.48	23.19	38,518,100
Dec 10, 2024	23.41	23.66	23.11	23.51	23.22	32,851,500
Dec 9, 2024	23.90	23.99	23.34	23.37	23.08	38,385,900
Dec 6, 2024	23.83	23.90	23.56	23.88	23.58	34,218,800
Dec 5, 2024	23.61	23.89	23.58	23.83	23.53	40,155,600
Dec 4, 2024	23.67	23.83	23.37	23.53	23.24	41,534,200
Dec 3, 2024	23.41	24.03	23.38	23.74	23.44	63,128,700
Dec 2, 2024	23.15	23.16	22.64	22.70	22.42	44,160,600
Nov 29, 2024	23.27	23.31	23.01	23.16	22.87	19,673,900
Nov 27, 2024	23.20	23.38	23.01	23.27	22.98	33,206,300
Nov 26, 2024	22.94	23.11	22.87	23.09	22.80	30,080,300
Nov 25, 2024	23.15	23.32	22.95	23.10	22.81	64,729,800
Nov 22, 2024	23.05	23.29	22.94	23.18	22.89	35,732,900
Nov 21, 2024	22.80	23.15	22.73	22.98	22.69	23,080,900
Nov 20, 2024	22.80	22.90	22.74	22.83	22.54	20,423,100
Nov 19, 2024	22.88	22.92	22.68	22.73	22.45	24,727,700
Nov 18, 2024	22.79	23.20	22.78	22.99	22.70	35,675,500
Nov 15, 2024	22.24	22.75	22.20	22.68	22.40	40,207,300
Nov 14, 2024	22.30	22.46	22.22	22.25	21.97	20,825,100
Nov 13, 2024	22.17	22.39	22.06	22.30	22.02	29,345,600
Nov 12, 2024	22.21	22.29	21.79	22.15	21.87	39,579,500
Nov 11, 2024	22.28	22.48	22.25	22.31	22.03	23,465,000
Nov 8, 2024	22.05	22.43	22.05	22.34	22.06	29,901,600
Nov 7, 2024	22.39	22.39	21.96	22.04	21.76	31,471,800
Nov 6, 2024	22.11	22.39	21.97	22.32	22.04	32,259,200
Nov 5, 2024	21.90	22.17	21.83	22.05	21.77	26,461,800
Nov 4, 2024	22.14	22.25	21.79	21.92	21.65	24,318,500
Nov 1, 2024	22.53	22.73	22.07	22.12	21.84	37,170,000
Oct 31, 2024	22.06	22.60	22.03	22.54	22.26	59,566,700
Oct 30, 2024	22.13	22.26	21.90	22.02	21.74	36,264,900
Oct 29, 2024	21.99	22.36	21.92	22.18	21.90	32,711,100
Oct 28, 2024	21.92	22.15	21.82	22.11	21.83	27,923,800
Oct 25, 2024	22.30	22.41	21.81	21.83	21.56	26,050,400
Oct 24, 2024	22.40	22.48	22.06	22.20	21.92	38,783,100
Oct 23, 2024	21.24	22.58	21.05	22.49	22.21	71,932,600
Oct 22, 2024	21.25	21.62	21.05	21.50	21.23	47,781,900
Oct 21, 2024	21.88	21.97	21.65	21.66	21.39	29,366,200
Oct 18, 2024	21.73	22.06	21.63	21.85	21.58	27,277,400
Oct 17, 2024	21.56	21.77	21.53	21.73	21.46	25,471,200
Oct 16, 2024	21.52	21.76	21.48	21.71	21.44	23,926,900
Oct 15, 2024	21.39	21.61	21.23	21.51	21.24	35,942,600
Oct 14, 2024	21.36	21.41	21.26	21.26	20.99	33,512,200
Oct 11, 2024	21.30	21.45	21.22	21.37	21.10	25,249,800
Oct 10, 2024	0.28 Dividend
Oct 10, 2024	21.60	21.68	21.21	21.22	20.95	28,738,500
Oct 9, 2024	21.87	22.00	21.79	21.93	21.38	25,365,400
Oct 8, 2024	21.92	21.98	21.72	21.86	21.31	22,716,400
Oct 7, 2024	21.91	21.91	21.67	21.78	21.23	23,116,300
Oct 4, 2024	21.70	21.98	21.48	21.91	21.36	24,539,300
Oct 3, 2024	22.13	22.23	21.97	22.05	21.50	28,894,700
Oct 2, 2024	22.05	22.24	22.00	22.19	21.63	29,820,100
Oct 1, 2024	21.93	22.15	21.84	22.13	21.58	32,705,500
Sep 30, 2024	22.00	22.07	21.67	22.00	21.45	26,260,200
Sep 27, 2024	21.72	21.94	21.68	21.90	21.35	23,577,700
Sep 26, 2024	21.49	21.76	21.43	21.65	21.11	25,497,500
Sep 25, 2024	21.62	21.74	21.52	21.56	21.02	28,334,800
Sep 24, 2024	21.38	21.66	21.31	21.59	21.05	25,905,500
Sep 23, 2024	21.54	21.60	21.36	21.49	20.95	25,550,300
Sep 20, 2024	21.30	21.62	21.23	21.54	21.00	94,156,500
Sep 19, 2024	21.65	21.70	21.18	21.36	20.82	40,942,200
Sep 18, 2024	21.84	22.00	21.64	21.73	21.19	27,825,600
Sep 17, 2024	22.07	22.10	21.71	21.78	21.23	29,304,400
Sep 16, 2024	21.84	22.34	21.79	22.27	21.71	53,733,400
Sep 13, 2024	21.57	21.67	21.44	21.64	21.10	31,451,300
Sep 12, 2024	21.33	21.64	21.17	21.59	21.05	34,568,200
Sep 11, 2024	21.62	21.62	21.24	21.45	20.91	37,328,500
Sep 10, 2024	21.45	21.86	21.33	21.71	21.17	60,944,500
Sep 9, 2024	20.96	21.60	20.93	21.50	20.96	58,958,400
Sep 6, 2024	20.65	21.00	20.65	20.97	20.44	53,079,500
Sep 5, 2024	20.71	20.83	20.52	20.65	20.13	44,199,100
Sep 4, 2024	20.49	20.87	20.25	20.57	20.05	57,532,400
Sep 3, 2024	19.93	20.45	19.92	20.43	19.92	50,352,600
Aug 30, 2024	19.76	19.91	19.70	19.90	19.40	29,362,700
Aug 29, 2024	19.80	19.85	19.62	19.76	19.26	20,775,600
Aug 28, 2024	19.68	19.91	19.67	19.82	19.32	20,435,500
Aug 27, 2024	19.74	19.80	19.60	19.65	19.16	20,321,900
Aug 26, 2024	19.76	19.94	19.70	19.76	19.26	22,599,700
Aug 23, 2024	19.54	19.76	19.51	19.73	19.24	21,519,300
Aug 22, 2024	19.56	19.58	19.40	19.51	19.02	17,596,700
Aug 21, 2024	19.52	19.59	19.42	19.54	19.05	20,055,500
Aug 20, 2024	19.46	19.58	19.39	19.49	19.00	20,260,900
Aug 19, 2024	19.35	19.51	19.34	19.49	19.00	20,506,700
Aug 16, 2024	19.12	19.36	19.08	19.34	18.86	24,724,400
Aug 15, 2024	19.55	19.58	18.97	19.09	18.61	42,608,100
Aug 14, 2024	19.48	19.66	19.42	19.63	19.14	19,158,600
Aug 13, 2024	19.42	19.56	19.36	19.52	19.03	21,508,000
Aug 12, 2024	19.54	19.56	19.30	19.43	18.94	22,979,900
Aug 9, 2024	19.39	19.60	19.27	19.49	19.00	22,819,600
Aug 8, 2024	19.26	19.48	19.21	19.40	18.91	25,588,100
Aug 7, 2024	19.20	19.52	19.10	19.25	18.77	30,036,700
Aug 6, 2024	18.89	19.30	18.86	19.19	18.71	33,776,000
Aug 5, 2024	18.80	19.12	18.64	18.91	18.44	50,898,400
Aug 2, 2024	19.64	19.99	19.19	19.37	18.88	45,240,100
Aug 1, 2024	19.31	19.63	19.13	19.47	18.98	44,379,300
Jul 31, 2024	18.90	19.32	18.88	19.25	18.77	39,522,000
Jul 30, 2024	18.95	19.03	18.84	18.98	18.50	27,855,000
Jul 29, 2024	19.00	19.02	18.82	18.90	18.43	30,788,300
Jul 26, 2024	19.16	19.30	18.89	19.01	18.53	30,844,200
Jul 25, 2024	19.15	19.74	19.10	19.19	18.71	54,049,700
Jul 24, 2024	18.92	19.23	18.76	19.16	18.68	64,465,000
Jul 23, 2024	18.57	18.61	18.14	18.21	17.75	70,161,800
Jul 22, 2024	18.70	18.77	18.31	18.55	18.09	44,083,600
Jul 19, 2024	19.12	19.24	18.98	19.12	18.64	29,910,300
Jul 18, 2024	19.10	19.33	18.99	19.15	18.67	34,793,900
Jul 17, 2024	18.90	19.19	18.85	19.16	18.68	40,611,500
Jul 16, 2024	18.60	18.86	18.57	18.85	18.38	23,923,600
Jul 15, 2024	18.85	18.87	18.53	18.58	18.11	33,910,900
Jul 12, 2024	18.72	18.85	18.59	18.81	18.34	37,919,400
Jul 11, 2024	18.70	18.87	18.62	18.86	18.39	23,623,400
Jul 10, 2024	0.28 Dividend
Jul 10, 2024	18.57	18.75	18.46	18.74	18.27	33,408,200
Jul 9, 2024	18.82	18.98	18.70	18.80	18.06	27,803,600
Jul 8, 2024	18.84	18.90	18.69	18.81	18.07	23,277,400
Jul 5, 2024	18.70	18.80	18.65	18.77	18.03	30,727,800
Jul 3, 2024	18.88	18.92	18.66	18.68	17.94	19,463,000
Jul 2, 2024	18.98	19.00	18.68	18.82	18.08	31,606,900
Jul 1, 2024	19.24	19.32	18.83	18.98	18.23	36,095,700
Jun 28, 2024	18.80	19.13	18.78	19.11	18.36	52,825,200
Jun 27, 2024	18.78	18.79	18.61	18.75	18.01	28,916,300
Jun 26, 2024	18.64	18.81	18.61	18.76	18.02	32,029,700
Jun 25, 2024	18.64	18.73	18.53	18.69	17.95	34,090,600
Jun 24, 2024	18.42	18.70	18.40	18.65	17.91	42,162,200
Jun 21, 2024	18.17	18.45	18.07	18.40	17.67	72,567,200
Jun 20, 2024	17.94	18.16	17.90	18.11	17.40	32,100,600
Jun 18, 2024	17.88	18.20	17.86	18.05	17.34	33,711,100
Jun 17, 2024	17.56	17.70	17.49	17.67	16.97	27,451,600
Jun 14, 2024	17.59	17.75	17.49	17.64	16.94	22,652,300
Jun 13, 2024	17.55	17.68	17.42	17.67	16.97	30,692,000
Jun 12, 2024	17.99	18.04	17.57	17.61	16.91	35,652,200
Jun 11, 2024	17.84	17.95	17.73	17.86	17.16	29,957,000
Jun 10, 2024	18.00	18.04	17.75	17.86	17.16	32,419,600
Jun 7, 2024	18.22	18.22	17.97	18.10	17.39	36,626,700
Jun 6, 2024	18.29	18.45	18.22	18.28	17.56	22,319,200
Jun 5, 2024	18.31	18.32	18.16	18.30	17.58	28,101,800
Jun 4, 2024	17.97	18.36	17.90	18.35	17.63	30,089,100
Jun 3, 2024	18.13	18.33	17.96	18.01	17.30	38,332,700
May 31, 2024	17.53	18.27	17.47	18.22	17.50	67,619,500
May 30, 2024	17.17	17.64	17.16	17.62	16.92	33,266,500
May 29, 2024	17.25	17.31	17.11	17.12	16.44	23,503,800
May 28, 2024	17.46	17.52	17.20	17.27	16.59	25,458,300
May 24, 2024	17.49	17.61	17.42	17.50	16.81	24,991,800
May 23, 2024	17.40	17.51	17.32	17.47	16.78	32,477,700
May 22, 2024	17.19	17.51	17.18	17.50	16.81	30,647,500
May 21, 2024	17.51	17.52	17.14	17.27	16.59	31,173,300
May 20, 2024	17.38	17.56	17.36	17.52	16.83	28,266,600
May 17, 2024	17.40	17.41	17.26	17.40	16.71	25,891,200
May 16, 2024	17.31	17.37	17.15	17.30	16.62	24,686,200
May 15, 2024	17.35	17.44	17.18	17.33	16.65	30,877,900
May 14, 2024	17.28	17.34	17.22	17.30	16.62	23,545,300
May 13, 2024	17.18	17.34	17.15	17.26	16.58	28,014,800
May 10, 2024	17.20	17.22	17.12	17.17	16.49	19,229,600
May 9, 2024	17.10	17.19	17.04	17.18	16.50	22,547,700
May 8, 2024	17.03	17.20	17.00	17.11	16.43	25,292,100
May 7, 2024	17.06	17.21	17.00	17.08	16.41	28,086,800
May 6, 2024	16.95	17.04	16.91	16.99	16.32	24,182,300
May 3, 2024	16.82	16.92	16.73	16.85	16.18	24,023,200
May 2, 2024	16.99	16.99	16.73	16.82	16.16	32,205,000
May 1, 2024	16.83	17.10	16.78	16.92	16.25	39,350,700
Apr 30, 2024	16.91	16.98	16.80	16.89	16.22	31,822,800
Apr 29, 2024	16.99	17.28	16.99	17.02	16.35	42,383,300
Apr 26, 2024	16.47	16.88	16.39	16.75	16.09	37,852,700
Apr 25, 2024	16.70	17.00	16.50	16.58	15.93	46,680,400
Apr 24, 2024	16.90	17.03	16.38	16.81	16.15	74,197,800
Apr 23, 2024	16.38	16.53	16.29	16.50	15.85	47,805,000
Apr 22, 2024	16.69	16.73	16.17	16.31	15.67	54,178,100
Apr 19, 2024	16.33	16.52	16.26	16.51	15.86	45,814,400
Apr 18, 2024	16.11	16.35	16.09	16.33	15.69	29,566,500
Apr 17, 2024	16.11	16.25	16.06	16.12	15.48	27,177,500
Apr 16, 2024	16.22	16.23	15.94	16.09	15.45	56,368,800
Apr 15, 2024	16.46	16.54	16.13	16.24	15.60	40,249,900
Apr 12, 2024	16.41	16.46	16.25	16.31	15.67	41,764,300
Apr 11, 2024	16.67	16.70	16.42	16.42	15.77	40,831,200
Apr 10, 2024	16.77	16.79	16.51	16.73	16.07	39,046,800
Apr 9, 2024	0.28 Dividend
Apr 9, 2024	17.00	17.08	16.81	16.90	16.23	32,802,500
Apr 8, 2024	17.40	17.46	17.22	17.25	16.30	27,372,200
Apr 5, 2024	17.52	17.54	17.28	17.42	16.46	37,757,200
Apr 4, 2024	17.62	17.88	17.56	17.57	16.60	31,850,300
Apr 3, 2024	17.59	17.71	17.49	17.61	16.64	38,155,900
Apr 2, 2024	17.48	17.70	17.48	17.52	16.56	40,169,500
Apr 1, 2024	17.19	17.54	17.15	17.50	16.54	31,980,100
Mar 28, 2024	17.55	17.70	17.52	17.60	16.63	33,461,500
Mar 27, 2024	17.29	17.59	17.29	17.55	16.59	37,488,400
Mar 26, 2024	17.13	17.28	17.05	17.18	16.24	33,048,600
Mar 25, 2024	17.04	17.13	16.97	17.12	16.18	30,944,600
Mar 22, 2024	17.19	17.20	16.98	16.98	16.05	26,144,000
Mar 21, 2024	17.19	17.27	17.06	17.16	16.22	34,446,700
Mar 20, 2024	17.12	17.31	17.08	17.21	16.26	28,961,700
Mar 19, 2024	17.30	17.32	17.16	17.17	16.23	26,144,600
Mar 18, 2024	17.10	17.32	16.93	17.30	16.35	35,177,000
Mar 15, 2024	16.89	17.14	16.89	17.05	16.11	93,099,200
Mar 14, 2024	17.15	17.17	16.83	17.01	16.08	37,237,700
Mar 13, 2024	17.27	17.43	17.13	17.19	16.25	32,339,800
Mar 12, 2024	17.30	17.34	17.17	17.20	16.25	38,700,600
Mar 11, 2024	17.22	17.44	17.22	17.33	16.38	29,541,600
Mar 8, 2024	17.06	17.32	16.98	17.20	16.25	30,808,700
Mar 7, 2024	17.19	17.30	17.01	17.05	16.11	27,325,100
Mar 6, 2024	17.10	17.22	17.02	17.18	16.24	35,356,700
Mar 5, 2024	17.03	17.36	17.00	17.17	16.23	43,337,900
Mar 4, 2024	16.87	16.99	16.71	16.80	15.88	32,690,500
Mar 1, 2024	16.87	17.05	16.81	16.98	16.05	27,543,000
Feb 29, 2024	17.02	17.12	16.91	16.93	16.00	46,155,200
Feb 28, 2024	16.82	17.04	16.81	16.96	16.03	33,531,100
Feb 27, 2024	16.61	16.85	16.54	16.83	15.91	28,350,800
Feb 26, 2024	16.80	16.83	16.52	16.60	15.69	26,815,900
Feb 23, 2024	16.63	16.86	16.54	16.80	15.88	32,270,900
Feb 22, 2024	16.77	16.77	16.42	16.59	15.68	59,974,500
Feb 21, 2024	16.92	17.01	16.84	17.00	16.07	22,650,700
Feb 20, 2024	16.88	17.13	16.87	16.91	15.98	29,103,900
Feb 16, 2024	16.95	17.07	16.76	16.97	16.04	28,827,800
Feb 15, 2024	16.94	17.22	16.94	17.09	16.15	25,926,700
Feb 14, 2024	16.97	17.09	16.84	16.91	15.98	26,468,100
Feb 13, 2024	17.02	17.20	16.75	16.90	15.97	29,734,600
Feb 12, 2024	16.84	17.06	16.76	17.02	16.08	31,151,200
Feb 9, 2024	16.79	16.88	16.57	16.84	15.91	44,427,100
Feb 8, 2024	17.30	17.30	16.74	16.82	15.90	66,974,900
Feb 7, 2024	17.60	17.62	17.30	17.33	16.38	33,871,800
Feb 6, 2024	17.66	17.77	17.55	17.61	16.64	25,734,200
Feb 5, 2024	17.71	17.87	17.58	17.73	16.76	31,496,900
Feb 2, 2024	17.93	17.98	17.76	17.83	16.85	33,245,400
Feb 1, 2024	18.09	18.16	17.82	18.04	17.05	71,660,400
Jan 31, 2024	17.51	17.82	17.50	17.69	16.72	52,968,100
Jan 30, 2024	17.25	17.59	17.18	17.53	16.57	54,946,400